begin try 1
best 166000778 time 0.481774
best 152000805 time 0.530731
best 146000784 time 0.627749
best 121000795 time 0.675343
best 83000789 time 0.772550
best 68000789 time 0.920544
best 64000782 time 0.968987
best 61000788 time 1.018689
best 50000804 time 1.067508
best 37000792 time 1.218649
best 26000780 time 1.410575
best 20000809 time 1.457856
best 14000824 time 1.606723
best 9000812 time 1.908855
best 4000814 time 1.960697
best 2000811 time 2.068952
best 1000830 time 2.230223
best 813 time 2.489029
best 801 time 2.595094
best 783 time 2.695568
best 775 time 2.744688
best 773 time 2.892794
best 772 time 2.943646
best 769 time 2.991893
best 759 time 3.041265
best 739 time 3.091027
best 733 time 3.539393
best 731 time 3.587708
best 721 time 3.639922
best 720 time 3.836884
best 717 time 3.885395
best 710 time 3.984517
best 697 time 4.082222
best 695 time 4.280139
best 684 time 4.329944
best 671 time 4.430163
best 670 time 5.162482
best 660 time 5.256634
best 656 time 5.304845
best 641 time 5.351292
best 634 time 5.547521
best 621 time 5.794233
best 620 time 6.135763
best 619 time 6.187252
best 615 time 6.234478
best 611 time 6.330887
best 594 time 7.164461
best 592 time 7.215290
best 591 time 7.361396
best 584 time 7.407186
best 579 time 7.648108
best 578 time 8.301595
best 574 time 8.541691
best 566 time 8.738291
best 548 time 8.931852
best 547 time 9.176637
best 528 time 9.479940
best 524 time 9.530540
best 523 time 9.581004
best 516 time 9.982354
best 514 time 10.033475
best 500 time 10.419929
best 490 time 10.667849
best 480 time 10.762742
best 476 time 11.121972
best 472 time 11.480644
best 466 time 12.338894
best 456 time 12.676934
best 455 time 13.119368
best 444 time 13.169352
best 441 time 14.193878
best 437 time 14.339826
best 436 time 15.299745
best 435 time 15.397445
best 429 time 15.953583
best 423 time 16.297821
best 421 time 17.009560
best 419 time 17.110718
best 418 time 17.161502
best 411 time 17.672687
best 410 time 17.768926
best 407 time 18.117176
best 397 time 18.216073
best 396 time 18.264982
best 394 time 18.609012
best 393 time 18.757280
best 392 time 19.158279
best 390 time 19.416912
best 389 time 19.613533
best 388 time 19.917081
best 385 time 20.607735
best 381 time 20.811674
best 380 time 20.911427
best 377 time 21.109366
best 376 time 22.284133
best 374 time 22.381913
best 373 time 22.681562
best 367 time 23.339994
best 365 time 23.436339
best 364 time 23.483661
best 363 time 23.587711
best 362 time 23.688163
best 361 time 23.891966
best 358 time 24.144871
best 354 time 24.594559
best 353 time 24.748179
best 352 time 25.193558
best 344 time 26.236414
best 341 time 28.548527
best 340 time 29.507639
best 339 time 30.108255
best 336 time 30.408445
best 335 time 30.910322
best 334 time 31.350688
best 333 time 31.556291
best 332 time 31.747683
best 328 time 31.997380
best 326 time 32.140102
best 325 time 32.348281
best 323 time 33.096567
best 321 time 33.719262
best 318 time 34.120062
best 317 time 34.218346
best 314 time 34.320413
best 309 time 35.273951
best 307 time 36.118241
best 304 time 36.267585
best 301 time 36.612241
best 300 time 36.765232
best 299 time 37.783142
best 298 time 38.132787
best 293 time 38.285404
best 291 time 38.777832
best 290 time 40.091759
best 289 time 40.341137
best 285 time 40.801248
best 284 time 41.401349
best 277 time 41.710814
best 275 time 42.118051
best 274 time 42.927050
best 273 time 43.928179
best 272 time 44.182085
best 269 time 44.745595
best 268 time 45.142439
best 267 time 45.657943
best 266 time 46.611782
best 263 time 46.919158
best 261 time 47.242511
best 260 time 49.301833
best 259 time 50.371082
best 258 time 50.475959
best 257 time 50.876640
best 251 time 51.337139
best 249 time 53.053342
best 248 time 54.723485
best 247 time 54.975085
best 245 time 56.490330
best 244 time 57.828931
best 243 time 58.950256
best 239 time 59.315294
best 238 time 61.269577
best 237 time 64.768221
best 236 time 65.587524
best 234 time 66.904555
best 233 time 70.666890
best 231 time 71.679909
best 228 time 73.223620
best 226 time 73.893540
best 225 time 74.249643
best 222 time 78.377077
best 221 time 80.172183
best 219 time 80.324502
best 217 time 81.173772
best 216 time 83.895134
best 215 time 85.466898
best 214 time 92.015503
best 211 time 94.756390
best 210 time 94.860131
best 209 time 95.888965
best 208 time 99.700432
begin solution 1
feasible: evaluation function = 208
8 24 14 14 12 33 17 43 31 42 11 21 7 6 5 4 10 23 11 6 42 43 25 5 29 10 23 1 13 19 1 15 9 3 20 22 6 41 24 24 22 19 3 9 30 32 23 31 7 0 28 7 14 38 13 6 35 12 26 42 44 32 5 28 39 16 36 10 30 19 10 36 21 28 0 41 22 7 43 11 3 32 40 2 4 22 40 13 18 12 13 19 36 28 43 33 0 9 4 7 43 43 27 29 16 18 36 24 1 22 33 19 25 29 37 16 12 36 14 31 26 6 32 22 4 41 16 6 15 19 23 10 39 5 34 30 9 5 33 12 2 20 25 3 9 36 14 3 20 5 40 12 21 34 21 40 29 0 3 1 40 10 7 8 34 29 3 21 11 23 39 19 41 37 27 7 16 3 10 16 18 31 18 30 38 39 18 7 0 27 39 6 15 1 20 13 2 33 22 9 3 2 38 10 17 15 23 7 9 32 34 5 42 4 10 34 37 20 24 12 43 15 39 21 38 14 26 43 5 38 28 28 1 11 2 31 38 33 37 15 31 20 34 18 25 21 39 18 34 33 2 40 41 36 30 32 7 44 23 19 1 38 43 42 11 5 21 25 15 13 20 6 21 20 34 32 36 19 23 15 41 8 20 33 6 0 13 39 37 12 0 6 32 22 23 0 28 27 25 40 3 27 26 12 14 9 31 33 41 43 29 40 25 28 11 31 4 14 24 40 27 2 1 11 41 22 18 1 11 16 42 15 9 14 39 29 28 37 42 30 13 25 5 32 31 42 38 2 27 11 12 30 42 19 4 28 27 0 15 37 39 36 37 1 29 27 30 18 30 37 0 18 31 22 35 40 10 13 24 4 34 4 27 24 13 23 16 16 42 44 25 34 29 36 25 24 9 30 32 16 
1 6 5 2 6 0 1 8 4 1 2 1 4 5 6 3 5 1 9 8 8 7 7 9 7 8 7 4 3 9 6 1 2 9 0 0 0 0 9 4 4 0 0 9 9 7 9 5 6 3 5 8 3 4 6 2 1 2 3 2 1 4 8 0 0 0 1 9 7 5 1 0 6 8 1 2 9 3 4 3 2 0 4 4 1 6 7 8 6 0 1 2 9 4 1 1 8 8 0 9 2 6 5 6 9 8 2 5 8 1 7 8 5 2 3 4 3 3 7 3 0 1 6 2 9 4 2 4 7 6 0 0 1 4 4 2 0 5 4 4 0 1 0 4 4 5 9 6 2 0 8 7 2 0 3 3 1 9 5 3 9 3 0 4 7 5 7 7 1 3 8 1 7 9 8 7 6 8 7 1 9 1 4 8 0 2 3 2 6 3 3 6 9 9 3 9 9 5 7 5 1 7 9 6 3 5 8 5 6 9 3 1 4 6 4 8 2 4 1 8 3 8 9 4 3 1 2 9 7 1 1 9 1 4 2 9 6 6 0 6 8 5 1 0 4 5 5 2 6 3 6 1 3 6 0 5 1 0 4 4 2 2 0 3 0 2 0 8 2 5 6 3 8 9 9 1 4 7 5 3 6 0 7 9 9 7 7 4 4 5 0 7 8 3 6 4 3 7 3 6 3 2 1 1 4 3 2 2 1 5 9 0 6 6 8 6 7 6 2 2 4 3 0 7 5 5 5 5 6 7 6 0 1 0 7 0 7 6 0 5 4 2 3 2 0 9 7 1 1 5 9 4 7 3 4 2 0 2 4 7 6 7 5 7 4 6 6 1 1 1 5 7 7 8 0 5 2 0 0 2 2 5 9 7 2 2 5 8 5 2 1 5 3 8 9 3 7 3 3 3 
end solution 1
end try 1
begin try 2
best 152000762 time 0.474760
best 92000848 time 0.526172
best 91000873 time 1.073569
best 77000788 time 1.128262
best 57000797 time 1.325224
best 32000798 time 1.422657
best 29000787 time 1.575216
best 22000810 time 1.626665
best 13000815 time 1.725663
best 12000806 time 1.773614
best 6000807 time 1.874188
best 4000791 time 1.923486
best 792 time 2.081268
best 791 time 2.279502
best 785 time 2.328790
best 760 time 2.429405
best 759 time 2.576201
best 736 time 2.916001
best 729 time 2.968126
best 727 time 3.221065
best 721 time 3.272924
best 718 time 3.476654
best 700 time 3.737734
best 695 time 4.351052
best 680 time 4.858805
best 667 time 5.102137
best 659 time 5.196339
best 651 time 5.246284
best 639 time 5.544382
best 636 time 5.697758
best 616 time 5.747832
best 613 time 5.900416
best 611 time 6.001608
best 604 time 6.203480
best 600 time 6.303225
best 588 time 6.356493
best 582 time 6.665295
best 577 time 6.757949
best 575 time 7.514883
best 569 time 7.866347
best 564 time 7.916981
best 556 time 8.074251
best 555 time 8.175034
best 550 time 8.574028
best 549 time 8.767243
best 538 time 9.120992
best 533 time 9.173027
best 531 time 9.378434
best 527 time 9.481853
best 515 time 9.835908
best 512 time 10.190834
best 502 time 10.352096
best 495 time 10.751494
best 491 time 10.954088
best 487 time 11.061028
best 485 time 11.161372
best 481 time 11.258936
best 469 time 11.672596
best 468 time 11.772589
best 460 time 11.923491
best 458 time 12.225540
best 456 time 12.277892
best 453 time 12.380709
best 452 time 12.882731
best 450 time 13.341336
best 448 time 13.750119
best 445 time 14.049424
best 442 time 14.504120
best 439 time 14.912001
best 433 time 15.326401
best 430 time 15.634604
best 427 time 15.934607
best 426 time 16.181557
best 423 time 16.646576
best 421 time 16.961057
best 417 time 17.012173
best 416 time 17.278520
best 409 time 17.328573
best 408 time 17.740426
best 399 time 18.149004
best 397 time 18.844468
best 392 time 18.944247
best 390 time 18.993698
best 387 time 19.651778
best 379 time 19.962380
best 377 time 20.627776
best 375 time 21.089908
best 372 time 22.497077
best 370 time 22.858403
best 364 time 22.907490
best 363 time 23.058445
best 360 time 23.575384
best 353 time 23.624471
best 352 time 25.264500
best 348 time 25.370366
best 347 time 26.455501
best 345 time 27.371379
best 344 time 27.739520
best 341 time 28.203161
best 339 time 28.679321
best 338 time 30.325727
best 334 time 30.890464
best 332 time 30.944367
best 331 time 31.551286
best 330 time 31.903540
best 329 time 32.733288
best 327 time 32.891076
best 323 time 33.047365
best 322 time 34.642153
best 318 time 35.394180
best 317 time 37.353155
best 315 time 37.702784
best 314 time 39.031338
best 313 time 39.236450
best 310 time 39.286498
best 308 time 39.380340
best 305 time 39.680895
best 304 time 40.209985
best 303 time 40.262931
best 302 time 40.471515
best 301 time 40.523619
best 297 time 40.993432
best 296 time 41.954117
best 295 time 42.943945
best 291 time 43.038977
best 289 time 44.345344
best 288 time 44.660523
best 285 time 44.906266
best 284 time 44.960412
best 282 time 45.964956
best 280 time 46.018043
best 279 time 47.051906
best 278 time 49.363494
best 277 time 49.841282
best 276 time 50.867464
best 274 time 51.499586
best 273 time 54.097562
best 267 time 54.407996
best 266 time 54.985379
best 265 time 56.130129
best 259 time 56.392895
best 258 time 56.604300
best 257 time 57.007721
best 254 time 59.558671
best 253 time 60.969459
best 252 time 63.765314
best 251 time 63.906850
best 250 time 64.473124
best 249 time 64.684183
best 248 time 66.118595
best 247 time 67.275523
best 245 time 69.279010
best 244 time 71.199447
best 242 time 71.624697
best 241 time 71.984967
best 240 time 72.196482
best 233 time 73.081683
best 232 time 73.821945
best 229 time 79.729541
best 227 time 80.508359
best 225 time 84.113318
best 224 time 86.144545
best 223 time 95.207450
best 222 time 95.730004
best 220 time 134.106535
best 219 time 134.420654
best 218 time 150.664782
best 215 time 151.717046
best 214 time 152.740530
best 211 time 153.665145
best 210 time 154.336199
best 207 time 155.240221
best 206 time 156.651557
best 204 time 157.125533
best 202 time 158.013884
best 201 time 164.181349
best 200 time 165.868434
best 199 time 169.112713
begin solution 2
feasible: evaluation function = 199
5 16 0 28 27 40 10 10 21 11 22 6 39 18 39 15 23 34 32 23 6 10 2 0 6 16 31 10 0 1 20 4 29 41 7 9 24 13 42 19 23 38 23 38 24 39 37 36 43 30 7 38 9 14 19 19 18 27 18 5 4 37 42 28 37 4 38 14 12 3 1 8 11 33 32 20 32 37 28 37 15 9 30 15 12 16 43 0 20 11 29 16 13 21 40 18 7 9 44 2 13 3 40 20 9 1 43 42 4 24 1 12 34 11 4 1 3 43 41 3 10 30 5 19 22 38 43 25 21 24 5 40 39 15 11 11 22 21 16 43 34 39 6 0 31 19 12 9 2 7 30 24 38 21 20 41 38 7 13 37 12 24 36 22 36 20 13 5 22 32 25 33 27 9 41 38 11 18 15 39 27 16 40 37 17 36 0 2 1 27 36 1 41 39 42 7 20 10 22 36 42 12 30 10 14 13 34 1 36 18 20 0 23 4 36 36 40 28 44 4 16 21 36 40 10 19 32 6 29 14 20 31 3 24 3 3 4 5 2 34 3 37 17 8 7 24 11 22 2 11 37 31 19 33 43 15 16 33 26 12 31 6 34 2 35 30 41 28 3 24 12 19 22 37 28 42 32 33 22 4 43 19 19 42 12 7 38 26 22 43 0 23 39 33 27 9 34 28 25 17 16 28 18 13 27 5 41 5 14 29 14 30 34 28 12 6 0 42 25 14 40 26 13 23 42 29 31 14 24 34 29 32 18 20 25 15 6 4 1 31 25 33 9 42 10 29 23 34 31 15 21 18 32 25 21 32 33 10 31 30 23 33 25 39 7 15 33 27 30 41 5 27 41 9 27 2 1 0 29 21 15 16 7 14 6 18 25 6 25 2 3 11 43 38 29 28 13 21 31 13 
1 6 5 5 6 2 1 5 1 1 0 4 1 8 6 3 2 1 6 5 8 7 7 9 3 8 7 4 3 9 9 4 0 6 9 0 0 6 9 4 4 0 0 9 9 3 2 8 9 3 5 8 1 1 6 5 1 0 3 9 7 4 8 1 0 0 3 9 7 8 1 0 9 8 1 2 9 7 4 3 0 2 4 4 1 9 8 8 8 0 1 2 9 0 1 9 8 8 0 6 2 9 8 4 6 8 2 7 8 1 3 8 5 2 3 4 7 7 1 4 9 0 4 2 9 4 1 1 3 2 0 0 2 6 4 5 1 8 4 4 0 4 0 4 4 9 4 4 9 0 5 3 2 9 3 3 1 4 8 1 6 7 0 4 7 5 4 3 3 3 8 1 5 9 5 7 6 7 7 0 8 1 9 5 2 2 7 0 7 3 3 6 9 5 3 6 6 8 7 4 1 3 6 6 3 5 8 5 6 5 7 1 1 9 1 5 5 0 1 5 7 5 9 4 3 1 5 9 3 0 1 9 1 4 2 6 2 6 1 9 5 8 1 1 1 5 8 2 4 3 6 1 8 9 0 8 0 6 1 2 2 2 3 3 0 2 0 8 0 8 0 3 5 9 6 0 4 4 8 1 6 0 7 4 9 3 5 4 6 5 0 3 8 3 9 7 7 7 0 0 3 2 6 1 4 7 2 2 4 5 6 9 6 9 5 6 6 6 2 2 6 0 0 7 5 8 5 5 6 4 6 2 0 0 7 1 7 6 0 8 4 2 3 2 0 4 6 2 0 5 6 4 7 3 4 0 0 2 6 7 9 7 5 7 7 9 5 1 1 4 5 7 7 5 2 5 2 2 2 2 2 5 2 7 1 2 6 5 9 2 3 7 3 6 9 3 7 7 3 3 
end solution 2
end try 2
begin try 3
best 163000773 time 0.478104
best 137000755 time 0.527165
best 135000740 time 0.575621
best 89000802 time 0.624236
best 68000789 time 0.725866
best 59000810 time 0.925233
best 36000766 time 0.976427
best 27000792 time 1.072823
best 21000795 time 1.171523
best 15000791 time 1.272023
best 12000825 time 1.580300
best 8000829 time 1.630802
best 6000830 time 1.884481
best 4000848 time 1.987107
best 852 time 2.037735
best 835 time 2.136654
best 830 time 2.237818
best 804 time 2.285061
best 790 time 2.385191
best 765 time 2.432828
best 757 time 2.530755
best 746 time 2.779612
best 745 time 2.877118
best 731 time 2.923980
best 725 time 3.025748
best 714 time 3.075923
best 709 time 3.229642
best 702 time 3.323427
best 699 time 3.463731
best 687 time 3.560580
best 680 time 3.856503
best 669 time 4.005541
best 666 time 4.109679
best 651 time 4.249767
best 646 time 4.298904
best 638 time 4.390688
best 634 time 4.727914
best 619 time 4.929180
best 611 time 5.035621
best 600 time 5.187616
best 595 time 5.237617
best 590 time 5.443705
best 587 time 5.691815
best 581 time 6.045992
best 574 time 6.248192
best 573 time 6.344794
best 572 time 6.948549
best 560 time 7.098021
best 554 time 7.200039
best 544 time 7.351902
best 537 time 7.553251
best 532 time 7.805266
best 531 time 8.239736
best 528 time 8.342207
best 526 time 8.393369
best 525 time 8.442599
best 522 time 8.793694
best 516 time 8.841866
best 503 time 8.894290
best 500 time 9.046525
best 499 time 9.148827
best 498 time 9.296240
best 495 time 9.345784
best 481 time 9.449317
best 476 time 9.553060
best 468 time 9.602273
best 467 time 9.840752
best 465 time 9.994212
best 460 time 10.090909
best 458 time 10.236269
best 454 time 10.439234
best 453 time 10.638893
best 446 time 10.789174
best 445 time 11.081470
best 444 time 11.378916
best 441 time 11.627923
best 438 time 11.678159
best 437 time 11.729936
best 436 time 12.030149
best 435 time 12.179245
best 434 time 12.526346
best 432 time 12.720353
best 431 time 12.767699
best 429 time 12.866082
best 428 time 13.477420
best 423 time 13.528857
best 417 time 13.720362
best 416 time 13.866956
best 413 time 13.915745
best 411 time 14.311836
best 410 time 14.663937
best 408 time 14.798779
best 406 time 15.101486
best 404 time 16.028181
best 400 time 16.427946
best 398 time 16.669483
best 392 time 16.819859
best 391 time 16.868526
best 390 time 17.476809
best 389 time 17.864687
best 387 time 18.010155
best 385 time 18.108052
best 383 time 18.868694
best 379 time 19.002196
best 374 time 19.499895
best 370 time 19.899614
best 369 time 20.600931
best 368 time 20.651489
best 365 time 20.702676
best 363 time 20.896444
best 351 time 21.651024
best 348 time 21.700477
best 345 time 23.165197
best 342 time 23.697565
best 337 time 23.800523
best 335 time 23.848572
best 332 time 24.092179
best 329 time 24.396888
best 326 time 24.956719
best 321 time 25.297974
best 318 time 25.704289
best 317 time 25.752818
best 316 time 26.305295
best 315 time 27.012441
best 313 time 28.130266
best 308 time 28.434486
best 307 time 28.791883
best 303 time 28.843429
best 302 time 29.355448
best 301 time 29.465362
best 299 time 29.974457
best 298 time 30.025104
best 296 time 30.992471
best 290 time 31.143622
best 288 time 31.801719
best 281 time 31.852577
best 279 time 32.819785
best 277 time 33.522889
best 274 time 33.728171
best 273 time 33.882595
best 272 time 34.235142
best 271 time 34.591632
best 268 time 35.605508
best 267 time 36.163840
best 266 time 37.225947
best 265 time 38.386478
best 264 time 39.305111
best 260 time 41.922262
best 259 time 42.217624
best 258 time 43.281522
best 257 time 44.003284
best 254 time 45.354417
best 253 time 45.941566
best 252 time 47.387785
best 247 time 47.438633
best 243 time 47.539700
best 242 time 48.608358
best 241 time 49.687530
best 240 time 53.133163
best 238 time 53.343111
best 237 time 53.904851
best 233 time 54.170206
best 231 time 57.305767
best 230 time 61.733941
best 229 time 63.156279
best 228 time 65.247791
best 227 time 65.401043
best 226 time 66.893990
best 223 time 68.981790
best 221 time 83.127163
best 214 time 145.075168
best 212 time 146.323219
best 211 time 165.422797
best 210 time 166.464729
best 209 time 166.722934
best 208 time 169.027071
best 207 time 176.475854
best 206 time 177.746467
best 205 time 179.697217
best 204 time 180.501815
best 203 time 187.368333
best 202 time 188.692558
best 201 time 189.268739
best 200 time 190.139352
best 199 time 193.232194
best 197 time 195.705535
best 196 time 197.308428
best 195 time 197.361040
begin solution 3
feasible: evaluation function = 195
23 31 21 12 9 18 1 33 15 34 32 28 20 40 5 2 24 14 11 18 15 22 19 23 5 20 1 6 6 25 3 13 33 4 41 22 15 20 4 27 16 24 38 0 18 4 29 4 2 24 39 27 23 27 6 19 4 44 40 1 5 41 28 32 7 28 15 19 43 43 37 14 40 0 43 10 3 20 32 37 4 43 28 38 29 31 29 18 21 25 31 21 7 7 13 33 13 14 13 10 12 23 36 28 27 30 32 33 1 0 36 19 11 9 40 0 3 24 23 24 12 12 7 16 34 37 28 11 7 2 43 23 1 5 37 9 3 13 12 22 22 42 1 2 42 6 32 2 28 27 0 42 12 41 15 38 41 10 34 12 27 10 32 14 36 18 12 42 9 25 23 9 27 6 15 38 19 10 34 42 4 33 30 9 26 33 4 13 28 14 31 20 35 41 32 18 22 31 17 3 22 4 13 40 1 22 27 27 36 41 25 36 43 22 7 5 16 29 7 1 32 12 36 40 42 26 6 39 22 19 17 30 21 2 2 26 23 21 31 39 37 29 34 24 20 34 16 39 11 20 13 15 41 16 21 3 41 24 9 25 20 40 5 34 29 30 38 21 15 15 42 16 34 38 38 5 18 30 21 24 5 39 9 40 30 14 0 31 6 40 39 11 20 39 29 3 41 25 16 33 26 20 12 10 19 40 19 37 36 14 36 10 0 14 43 15 37 24 31 37 0 21 11 30 29 24 37 6 36 27 33 18 8 30 33 5 13 3 0 42 26 19 36 14 9 34 7 41 14 43 26 44 33 28 11 38 16 6 25 43 11 16 7 23 13 1 38 25 1 10 22 39 29 16 25 10 3 42 34 37 4 30 30 21 6 18 42 38 7 29 11 32 8 43 9 18 10 3 19 0 
1 6 4 8 6 0 4 5 4 4 0 1 1 8 2 3 8 1 9 5 9 7 7 6 7 8 7 1 3 4 9 4 2 6 6 2 0 9 9 1 4 0 0 2 9 3 9 5 6 3 5 8 3 4 9 5 1 0 1 9 4 4 5 1 0 0 3 9 3 8 1 9 9 5 1 2 1 7 4 3 2 2 4 4 1 9 7 8 8 0 1 2 6 2 1 9 5 8 0 0 1 9 5 9 6 8 9 8 5 1 7 8 5 2 3 4 3 4 7 7 9 2 9 2 0 9 2 4 3 2 0 0 2 9 4 5 0 8 4 4 0 1 0 1 4 8 6 9 6 0 8 7 0 9 7 3 1 9 8 3 9 3 2 4 8 7 7 9 3 3 5 1 7 4 8 7 6 8 7 0 8 1 1 8 2 0 7 2 7 3 3 6 0 8 3 6 6 5 3 5 1 4 9 6 3 8 5 2 2 5 7 1 4 9 4 5 8 4 1 8 7 5 0 4 3 1 5 6 3 0 1 4 1 4 0 0 2 9 0 4 8 5 1 2 4 9 9 2 2 3 6 1 3 6 0 8 0 6 4 9 2 2 3 3 0 2 1 5 2 5 6 3 5 6 9 1 4 3 6 1 6 0 7 0 6 7 7 4 6 5 1 7 5 3 6 7 7 5 0 4 3 0 6 1 4 7 2 6 4 5 6 6 6 6 9 6 7 9 2 2 9 3 0 7 8 5 5 7 9 3 6 2 0 0 7 0 3 6 0 8 4 1 3 2 0 6 7 2 0 5 6 1 3 3 1 2 1 2 6 7 6 7 5 4 7 6 5 1 1 4 5 7 3 5 2 5 2 2 2 0 0 5 9 7 0 1 5 8 8 2 3 5 1 6 9 3 7 4 3 3 
end solution 3
end try 3
begin try 4
best 145000776 time 0.476057
best 127000766 time 0.574119
best 86000818 time 0.622636
best 46000830 time 0.727207
best 35000843 time 0.883032
best 33000869 time 0.978966
best 31000826 time 1.032521
best 18000866 time 1.134045
best 16000841 time 1.187006
best 9000846 time 1.239855
best 844 time 1.290162
best 821 time 1.435869
best 810 time 1.728139
best 809 time 1.780419
best 801 time 1.875887
best 793 time 2.074309
best 791 time 2.124212
best 773 time 2.325779
best 771 time 2.375032
best 764 time 2.470853
best 760 time 2.821427
best 741 time 2.977340
best 734 time 3.027820
best 727 time 3.167840
best 721 time 3.219931
best 714 time 3.318601
best 710 time 3.366947
best 705 time 3.702183
best 703 time 3.805099
best 699 time 3.852738
best 696 time 4.097688
best 692 time 4.291603
best 678 time 4.388050
best 665 time 4.438370
best 656 time 4.535004
best 634 time 4.732339
best 630 time 5.080245
best 626 time 5.230042
best 623 time 5.330703
best 622 time 5.431067
best 591 time 5.635486
best 589 time 5.730758
best 582 time 5.986324
best 581 time 6.035115
best 580 time 6.130842
best 573 time 6.381022
best 571 time 6.434425
best 562 time 6.486754
best 542 time 6.730016
best 538 time 7.026586
best 536 time 7.220631
best 533 time 7.318770
best 529 time 8.160890
best 524 time 8.212705
best 510 time 8.264593
best 507 time 8.369254
best 506 time 8.568148
best 497 time 8.619684
best 490 time 8.767376
best 488 time 8.865418
best 487 time 9.563584
best 483 time 9.612852
best 474 time 9.662052
best 469 time 9.910866
best 462 time 10.409883
best 460 time 10.505797
best 457 time 10.554778
best 447 time 10.605419
best 443 time 10.755507
best 435 time 10.863532
best 434 time 10.962555
best 427 time 11.010368
best 425 time 11.064194
best 423 time 11.113571
best 422 time 11.217014
best 416 time 11.260784
best 413 time 11.515259
best 412 time 11.764641
best 410 time 11.815970
best 402 time 11.918145
best 399 time 12.117921
best 397 time 13.277915
best 393 time 13.327614
best 391 time 13.377109
best 390 time 13.677584
best 387 time 14.276952
best 384 time 14.893824
best 379 time 15.438610
best 377 time 15.642001
best 375 time 15.744182
best 367 time 16.335214
best 364 time 16.532162
best 361 time 16.825907
best 358 time 17.424986
best 347 time 17.625057
best 346 time 18.170610
best 345 time 18.316957
best 344 time 18.722227
best 337 time 18.866764
best 336 time 19.115336
best 334 time 19.498218
best 332 time 20.080872
best 330 time 20.381542
best 328 time 20.632511
best 327 time 20.683575
best 325 time 20.734499
best 324 time 20.836498
best 323 time 20.939176
best 320 time 20.986172
best 319 time 21.693378
best 318 time 21.790718
best 316 time 22.144862
best 314 time 22.704181
best 313 time 22.805157
best 312 time 23.252054
best 306 time 23.300406
best 302 time 23.353729
best 300 time 24.214161
best 298 time 24.502443
best 297 time 24.747878
best 294 time 25.147898
best 291 time 25.600724
best 289 time 25.953362
best 288 time 26.004270
best 287 time 28.750455
best 286 time 29.054388
best 285 time 29.155116
best 284 time 29.699140
best 283 time 30.250651
best 281 time 31.318608
best 280 time 31.970306
best 279 time 32.070058
best 278 time 32.316575
best 277 time 32.413479
best 276 time 32.917405
best 273 time 33.771005
best 272 time 34.632819
best 271 time 34.785219
best 270 time 35.180832
best 269 time 36.085568
best 268 time 36.231870
best 267 time 36.328792
best 264 time 39.679721
best 260 time 41.835690
best 259 time 43.009846
best 258 time 44.473322
best 256 time 47.106545
best 255 time 48.815534
best 254 time 50.101715
best 253 time 52.105726
best 252 time 59.470507
best 251 time 60.368096
best 250 time 60.827814
best 249 time 61.167762
best 248 time 61.520775
best 247 time 67.753763
best 246 time 68.415584
best 245 time 69.272310
best 243 time 69.827687
best 242 time 73.869362
best 241 time 82.743532
best 240 time 86.328834
best 236 time 86.947837
best 235 time 100.647279
best 234 time 104.209712
best 233 time 113.526822
best 232 time 115.461083
best 231 time 116.334269
best 230 time 118.299248
best 229 time 120.264465
best 227 time 127.144176
begin solution 4
feasible: evaluation function = 227
18 44 0 13 3 30 35 34 6 16 36 32 18 43 42 18 3 39 38 36 32 37 10 32 39 5 12 37 40 5 6 28 0 23 9 6 30 0 20 29 44 34 3 0 43 38 14 14 12 2 27 3 3 29 40 30 1 17 29 2 28 6 43 27 10 25 42 4 19 37 40 37 36 43 16 9 27 9 5 13 5 22 12 33 11 32 36 14 9 33 25 1 25 11 40 12 2 38 29 10 2 11 20 40 39 28 7 23 25 7 12 31 24 7 43 43 22 24 18 1 36 14 14 33 13 35 25 10 6 18 18 36 42 24 25 11 22 41 31 15 41 9 24 32 4 39 8 1 21 37 36 33 27 42 16 30 36 38 7 31 13 6 9 1 3 7 23 34 19 33 18 37 22 3 28 28 2 1 13 6 16 31 19 39 20 28 28 39 29 19 38 32 10 15 15 4 4 11 39 15 24 25 27 32 7 29 34 34 0 9 23 10 19 8 13 37 30 9 20 43 0 30 33 34 30 41 1 6 7 14 17 5 15 41 18 41 23 33 42 16 24 1 2 28 2 38 16 40 4 12 31 35 42 30 33 37 11 36 38 35 34 16 41 16 2 34 19 19 41 42 12 35 43 42 21 13 22 15 11 14 5 12 21 22 27 34 21 0 39 13 21 27 0 16 37 2 23 12 31 16 24 11 18 23 30 41 31 15 26 4 28 15 29 21 21 27 32 38 31 38 19 4 44 14 13 4 19 31 34 1 7 23 15 5 32 13 21 24 38 22 3 23 11 39 21 24 25 29 14 21 41 20 8 36 39 22 20 43 22 20 28 27 3 22 9 20 29 4 43 7 33 30 31 32 1 10 15 9 19 20 37 26 14 35 42 40 6 6 18 24 5 4 10 40 3 7 25 29 0 0 
1 4 5 8 1 2 4 5 1 4 2 1 4 5 9 3 8 1 9 8 8 3 7 9 3 5 7 4 3 1 9 1 0 6 9 2 1 9 9 1 1 1 0 2 0 7 9 5 9 3 5 2 3 4 9 8 1 0 3 6 3 4 8 1 0 0 3 0 7 8 4 9 4 9 1 1 4 3 4 3 2 0 4 4 1 2 7 8 8 0 1 0 9 9 1 2 5 8 0 9 2 4 5 6 9 5 9 5 5 1 3 8 5 2 3 4 7 7 7 3 6 2 4 2 9 0 2 4 3 9 0 0 2 4 4 8 1 5 4 4 0 4 0 4 4 5 0 9 2 0 5 7 2 4 7 3 1 4 8 3 6 7 2 4 7 5 3 3 3 3 8 1 8 6 8 4 9 8 7 0 5 1 9 8 2 0 7 2 6 1 3 6 6 5 3 9 6 5 7 8 1 3 0 0 3 8 8 9 6 5 4 1 4 1 4 7 9 6 1 7 3 5 9 4 0 1 5 6 7 0 1 9 1 4 2 9 9 6 1 9 8 6 1 2 4 5 8 0 2 1 9 1 7 6 1 5 0 9 1 2 0 2 3 3 0 2 0 8 2 5 6 3 6 6 9 0 4 7 6 3 6 0 3 6 6 7 8 4 6 2 0 3 8 0 6 7 7 5 0 6 3 2 6 1 4 7 2 9 1 5 6 6 9 4 5 9 3 6 6 2 6 3 0 7 5 8 5 5 6 7 6 0 0 0 7 1 7 6 0 5 4 2 3 0 1 9 6 2 1 6 6 4 3 3 4 2 0 2 9 7 9 7 5 3 7 6 5 1 1 4 5 7 7 5 2 2 2 0 2 3 2 0 6 7 0 2 5 8 5 2 3 7 3 5 9 0 7 7 7 1 
end solution 4
end try 4
