begin try 1
best 142000822 time 0.454318
best 141000850 time 0.502025
best 110000862 time 0.548123
best 105000834 time 0.595199
best 77000810 time 0.642923
best 67000857 time 0.739247
best 55000809 time 0.785708
best 35000831 time 0.831593
best 32000817 time 0.878641
best 19000836 time 0.925164
best 18000820 time 0.973354
best 17000867 time 1.070271
best 12000789 time 1.265950
best 4000820 time 1.364612
best 2000801 time 1.408447
best 807 time 1.457719
best 793 time 1.503582
best 782 time 1.546595
best 774 time 1.593253
best 767 time 1.783125
best 765 time 1.880627
best 759 time 1.926713
best 742 time 2.019212
best 735 time 2.064233
best 718 time 2.292221
best 713 time 2.626530
best 712 time 2.671604
best 699 time 2.815075
best 698 time 2.955063
best 682 time 3.051511
best 666 time 3.191462
best 657 time 3.408857
best 651 time 3.643236
best 634 time 3.736543
best 627 time 3.941718
best 618 time 4.319333
best 609 time 4.413368
best 605 time 4.882789
best 603 time 4.928139
best 597 time 4.969248
best 595 time 5.409099
best 590 time 5.502720
best 586 time 5.640009
best 579 time 5.919230
best 574 time 6.208093
best 571 time 6.250334
best 563 time 6.297006
best 562 time 6.391853
best 557 time 6.440549
best 555 time 6.488562
best 554 time 6.629205
best 552 time 6.676201
best 551 time 6.773830
best 543 time 6.817678
best 535 time 6.865486
best 533 time 7.199537
best 525 time 7.246798
best 520 time 7.581548
best 515 time 8.113676
best 514 time 8.252674
best 510 time 8.347125
best 505 time 8.447532
best 500 time 8.584034
best 496 time 8.723398
best 490 time 8.954374
best 485 time 9.045573
best 482 time 9.092611
best 473 time 9.460378
best 464 time 9.929614
best 460 time 10.167177
best 454 time 10.210447
best 452 time 10.538567
best 443 time 10.583961
best 440 time 10.912901
best 435 time 11.377354
best 432 time 12.027592
best 429 time 12.162266
best 427 time 12.306537
best 424 time 12.595747
best 423 time 12.777178
best 417 time 13.064253
best 403 time 13.543424
best 396 time 13.831540
best 395 time 14.497692
best 393 time 14.641101
best 389 time 14.780176
best 385 time 15.022792
best 384 time 15.119699
best 380 time 15.589785
best 376 time 16.106790
best 375 time 16.439227
best 373 time 16.724872
best 368 time 16.775151
best 366 time 17.355963
best 365 time 17.405398
best 360 time 17.921278
best 358 time 18.062706
best 355 time 18.640757
best 354 time 19.300606
best 350 time 19.449487
best 349 time 19.543074
best 347 time 20.699336
best 346 time 21.925295
best 340 time 22.213679
best 336 time 22.495031
best 334 time 22.773575
best 333 time 22.965454
best 332 time 23.062895
best 331 time 23.340819
best 329 time 23.631237
best 321 time 24.296696
best 318 time 24.489170
best 317 time 24.635205
best 313 time 24.783555
best 312 time 25.066234
best 311 time 25.260339
best 307 time 25.692440
best 303 time 26.024443
best 302 time 26.701006
best 301 time 26.794976
best 300 time 26.888601
best 297 time 27.420365
best 294 time 27.706704
best 287 time 27.752198
best 286 time 28.220229
best 285 time 29.309745
best 283 time 29.450338
best 282 time 29.779252
best 279 time 30.537757
best 278 time 31.571445
best 272 time 31.618588
best 265 time 31.718260
best 260 time 32.147364
best 259 time 33.100512
best 258 time 33.891733
best 251 time 34.221650
best 250 time 34.706199
best 249 time 35.033235
best 248 time 35.181024
best 247 time 35.599641
best 246 time 35.694670
best 244 time 36.283090
best 242 time 37.446000
best 241 time 37.631600
best 240 time 38.600147
best 239 time 39.748234
best 238 time 40.079987
best 237 time 41.179468
best 236 time 41.555303
best 234 time 41.745456
best 232 time 42.607770
best 230 time 43.678494
best 228 time 45.353017
best 227 time 45.687947
best 226 time 46.110851
best 224 time 46.352156
best 220 time 46.835282
best 219 time 48.225333
best 217 time 48.368616
best 216 time 49.180833
best 215 time 50.366231
best 213 time 55.089982
best 212 time 55.188545
best 210 time 56.626692
best 208 time 57.019966
best 206 time 58.081691
best 205 time 62.867067
best 203 time 65.921521
best 202 time 72.321951
begin solution 1
feasible: evaluation function = 202
16 42 14 30 27 43 7 12 27 3 40 42 11 23 30 33 23 15 22 34 0 28 21 5 42 39 17 21 15 1 29 24 29 34 43 36 13 38 15 20 20 43 18 0 27 25 18 20 36 43 7 2 16 32 7 5 0 33 2 1 28 33 29 6 34 22 18 39 39 7 9 3 1 9 29 34 33 28 27 37 31 36 18 38 16 36 29 36 33 11 31 16 29 24 18 34 3 11 10 34 8 24 44 41 24 41 19 19 27 37 40 4 38 7 3 13 43 4 9 0 36 6 10 32 39 18 28 22 15 24 21 43 31 23 21 44 13 15 31 10 12 14 39 22 0 12 21 24 2 16 28 31 23 14 25 20 6 0 32 10 32 38 31 2 12 4 40 17 14 36 11 30 40 7 43 11 27 2 33 3 30 33 21 39 32 41 12 22 18 38 29 2 0 9 36 5 40 27 4 41 23 40 20 4 3 5 41 20 3 1 7 42 14 1 10 7 4 39 23 28 17 34 37 5 42 18 33 7 6 2 36 19 43 11 7 3 13 6 11 25 19 22 20 26 24 4 27 11 16 27 44 30 35 25 39 42 40 40 0 15 25 11 12 21 0 18 10 14 2 31 42 29 24 41 33 16 4 37 37 23 25 9 24 13 22 27 14 43 43 28 19 3 29 6 19 4 5 4 19 22 38 12 6 26 41 28 38 28 37 44 37 37 30 15 32 12 6 9 15 13 21 25 1 32 9 35 13 33 37 25 16 5 37 17 34 6 31 40 8 9 18 34 1 10 41 13 19 16 23 42 24 12 39 36 25 14 20 11 38 38 0 9 41 16 20 31 14 13 35 5 21 1 3 1 25 30 30 13 9 39 19 42 1 32 29 31 15 10 21 34 30 10 22 10 19 22 28 40 6 41 
3 2 1 8 5 1 5 9 6 3 0 9 4 3 4 4 9 3 5 7 2 8 2 5 7 9 5 3 2 4 3 6 2 8 8 8 0 0 7 6 5 9 0 5 3 6 2 9 0 6 1 8 5 4 9 9 3 0 6 5 4 2 1 8 5 3 5 6 2 0 3 1 9 1 6 6 1 6 0 0 9 5 4 4 1 2 4 6 5 2 3 0 5 2 9 3 8 5 0 0 5 9 6 7 0 3 0 6 9 6 9 0 3 4 6 3 2 6 7 7 9 2 3 9 3 7 7 1 6 5 1 4 4 7 9 0 6 4 7 8 6 8 7 9 0 3 7 1 7 9 9 8 2 6 2 8 1 8 5 9 7 6 6 5 2 1 3 7 4 3 3 5 7 6 7 9 1 2 9 4 7 3 6 1 3 5 7 7 6 8 7 3 1 6 1 3 8 7 5 9 0 1 2 3 5 6 1 3 0 1 3 6 2 6 4 7 2 5 6 0 1 4 4 8 4 8 6 2 3 4 4 3 3 1 8 2 8 4 0 7 5 0 0 5 4 4 2 6 2 8 5 3 7 5 8 3 4 6 6 9 1 8 5 0 4 1 6 0 0 2 0 8 7 8 8 8 7 5 1 5 0 2 8 5 8 4 5 0 5 1 4 9 9 0 7 8 1 9 8 6 1 0 9 6 6 5 7 3 3 7 7 8 0 5 8 4 6 9 8 4 8 4 7 0 4 5 9 7 2 8 4 2 9 0 1 7 1 5 0 8 3 2 0 1 0 1 9 6 8 5 3 8 0 7 9 7 7 7 2 5 9 5 4 7 4 5 3 7 2 7 5 3 7 2 3 6 2 2 0 4 2 8 8 2 0 0 1 5 4 9 1 7 4 2 1 2 2 2 5 2 
end solution 1
end try 1
begin try 2
best 163000752 time 0.452533
best 110000750 time 0.544509
best 105000758 time 0.774766
best 92000783 time 0.821358
best 79000798 time 0.868687
best 58000834 time 0.915623
best 46000844 time 1.009292
best 28000857 time 1.101971
best 27000876 time 1.344586
best 22000868 time 1.437402
best 14000851 time 1.483961
best 5000833 time 1.578901
best 801 time 1.864869
best 775 time 2.058038
best 765 time 2.258413
best 757 time 2.304503
best 727 time 2.351918
best 719 time 2.732485
best 709 time 2.871889
best 707 time 3.108554
best 701 time 3.157580
best 687 time 3.297593
best 686 time 3.387515
best 672 time 3.436779
best 662 time 3.482654
best 661 time 3.529025
best 655 time 3.576884
best 645 time 3.769081
best 639 time 3.818026
best 626 time 3.953706
best 623 time 4.278199
best 620 time 4.462932
best 602 time 4.511492
best 601 time 4.752414
best 596 time 4.893120
best 593 time 4.983083
best 579 time 5.030608
best 575 time 5.074125
best 572 time 5.215798
best 569 time 5.447557
best 568 time 5.585716
best 546 time 5.631992
best 540 time 5.774398
best 533 time 5.966281
best 526 time 6.056615
best 525 time 6.776256
best 519 time 6.868957
best 518 time 7.480400
best 516 time 7.706367
best 512 time 7.752656
best 508 time 7.797898
best 506 time 8.502522
best 497 time 8.777683
best 495 time 8.917399
best 484 time 9.014322
best 479 time 9.579642
best 467 time 9.624048
best 450 time 9.671992
best 449 time 9.818246
best 448 time 9.951097
best 443 time 10.095618
best 438 time 10.281978
best 427 time 11.025941
best 409 time 11.777727
best 408 time 11.964728
best 404 time 12.108834
best 402 time 12.625076
best 401 time 12.807861
best 397 time 13.282383
best 391 time 13.380842
best 389 time 13.856174
best 388 time 14.428038
best 386 time 14.615107
best 381 time 14.899221
best 379 time 15.369744
best 378 time 15.844764
best 372 time 16.131218
best 371 time 16.276525
best 367 time 16.461517
best 366 time 16.643133
best 365 time 17.496681
best 364 time 17.970800
best 362 time 18.064788
best 360 time 18.113547
best 359 time 18.161046
best 358 time 18.439491
best 354 time 18.685378
best 348 time 19.057355
best 347 time 19.344787
best 344 time 19.387134
best 343 time 19.805054
best 338 time 20.134264
best 332 time 21.006757
best 329 time 22.148491
best 328 time 22.788129
best 326 time 23.269787
best 325 time 23.318737
best 323 time 23.753583
best 321 time 23.940749
best 316 time 24.748981
best 315 time 24.841104
best 314 time 25.439500
best 313 time 25.996981
best 312 time 26.230015
best 310 time 26.791051
best 309 time 27.271253
best 308 time 27.787188
best 303 time 29.338290
best 302 time 29.712044
best 300 time 30.192642
best 298 time 31.809168
best 296 time 32.803713
best 294 time 33.175455
best 293 time 33.414985
best 287 time 34.508896
best 282 time 34.649627
best 281 time 34.841252
best 280 time 36.554324
best 279 time 37.651843
best 275 time 38.040543
best 273 time 39.244376
best 272 time 40.110700
best 269 time 41.662300
best 267 time 42.099459
best 266 time 42.816838
best 264 time 43.652657
best 261 time 44.667854
best 259 time 46.265719
best 254 time 46.409166
best 253 time 47.150080
best 252 time 48.219596
best 251 time 49.241779
best 250 time 49.882136
best 247 time 50.074457
best 246 time 50.757711
best 245 time 51.532541
best 243 time 52.860228
best 242 time 53.297493
best 239 time 54.270075
best 238 time 57.057630
best 236 time 57.990860
best 235 time 61.759173
best 234 time 68.099881
best 233 time 70.152141
best 231 time 71.277084
best 230 time 98.218791
best 229 time 105.729102
begin solution 2
feasible: evaluation function = 229
22 37 11 32 27 3 44 41 28 38 19 4 25 11 28 0 20 2 32 43 13 16 10 30 42 2 34 11 28 39 36 41 32 37 9 16 31 34 34 22 2 33 31 42 34 7 42 22 6 1 6 33 41 21 40 30 28 22 2 18 33 10 3 34 10 8 10 19 37 13 1 28 25 14 35 36 31 9 14 32 3 11 16 27 25 7 9 34 38 1 30 32 33 40 29 26 6 39 20 10 35 7 14 27 40 40 10 30 24 9 4 24 10 40 37 15 17 33 22 24 24 14 9 14 13 21 10 21 18 37 31 22 6 19 36 12 41 32 36 16 13 24 30 19 3 19 38 12 32 0 15 39 39 7 9 11 20 23 5 42 29 28 5 27 5 25 6 12 7 21 29 3 9 21 40 16 34 18 42 40 37 22 8 27 0 20 4 23 12 29 23 32 9 20 28 5 20 23 38 15 0 21 16 18 31 19 16 31 37 41 4 41 25 39 23 39 12 28 1 25 43 39 38 5 0 7 11 20 7 20 38 3 43 25 20 18 11 22 3 27 39 24 20 36 11 36 13 10 30 42 38 3 44 28 18 37 19 24 7 41 9 3 19 36 34 11 32 18 15 31 33 23 0 15 6 21 4 29 27 21 27 5 38 1 40 29 16 7 24 0 42 33 25 31 4 13 12 36 34 18 37 15 4 23 42 25 32 4 24 31 22 27 1 15 41 23 4 43 2 11 31 0 1 41 29 6 43 6 22 16 3 43 38 25 10 14 6 12 44 43 18 0 43 42 39 0 6 44 13 8 14 16 38 2 15 43 33 2 2 13 14 14 19 17 42 29 12 14 23 13 9 5 24 43 40 33 15 27 28 37 39 41 1 34 1 29 5 12 5 7 1 30 30 15 21 21 4 5 36 26 
3 6 1 8 6 1 5 9 6 3 0 6 3 3 3 3 9 3 5 5 0 3 9 5 5 9 5 9 2 4 3 3 2 9 9 6 0 0 7 6 7 9 3 6 3 5 2 9 0 2 1 7 5 4 9 8 8 0 6 5 4 2 2 8 5 3 6 2 2 4 3 4 9 1 6 6 1 0 0 0 8 5 0 0 1 2 4 6 6 9 7 1 2 2 9 3 9 7 3 0 5 7 6 7 0 6 4 6 9 6 9 0 3 4 8 3 2 3 7 7 8 2 3 9 3 7 7 0 9 5 9 4 6 7 9 0 4 4 7 9 8 1 3 9 7 3 7 1 9 9 9 8 9 6 2 7 1 9 5 7 7 9 6 5 8 6 3 8 4 3 3 5 7 6 7 7 1 2 8 5 7 5 6 1 7 5 8 7 6 8 5 3 8 6 1 3 7 3 9 7 0 1 4 7 5 6 1 6 0 1 0 6 2 6 0 3 2 5 6 0 1 1 4 9 6 8 6 2 3 4 0 3 3 7 8 4 8 1 0 9 5 4 0 5 4 4 2 8 2 3 5 6 7 7 8 3 8 6 9 2 1 9 5 0 4 2 6 0 0 2 0 8 5 8 4 9 3 0 3 5 4 4 1 5 8 4 5 0 2 1 0 8 8 4 7 9 9 8 9 6 1 4 1 6 9 5 7 5 3 7 8 2 0 5 7 4 4 7 8 0 8 4 7 0 2 5 8 7 2 2 4 2 8 4 1 7 2 5 0 9 3 2 0 1 0 8 8 6 6 5 3 8 2 4 6 4 5 5 2 5 8 5 4 5 4 6 3 4 2 7 5 7 5 6 3 6 2 8 0 4 2 8 8 2 4 5 1 7 0 1 1 0 4 1 8 2 2 2 2 0 
end solution 2
end try 2
begin try 3
best 137000814 time 0.460544
best 95000801 time 0.600041
best 65000777 time 0.744442
best 52000768 time 0.790750
best 40000806 time 0.837862
best 28000822 time 0.883693
best 19000837 time 1.024163
best 16000832 time 1.071988
best 8000819 time 1.164743
best 7000846 time 1.253194
best 6000851 time 1.296520
best 4000846 time 1.433691
best 2000833 time 1.476082
best 1000827 time 1.566123
best 789 time 1.787619
best 780 time 1.880945
best 765 time 1.969975
best 752 time 2.151197
best 742 time 2.340248
best 741 time 2.386136
best 735 time 2.432720
best 729 time 2.523685
best 719 time 2.761926
best 713 time 2.808899
best 710 time 2.854457
best 702 time 2.901571
best 680 time 2.943976
best 670 time 3.084907
best 668 time 3.180057
best 664 time 3.328400
best 647 time 3.517017
best 632 time 3.560739
best 627 time 3.928840
best 608 time 4.117784
best 599 time 4.306423
best 595 time 4.353249
best 591 time 4.778082
best 589 time 4.827499
best 567 time 4.922819
best 565 time 5.015571
best 554 time 5.453235
best 545 time 5.494426
best 532 time 5.966170
best 529 time 6.107893
best 527 time 6.298836
best 526 time 6.443579
best 517 time 6.582312
best 512 time 6.863311
best 509 time 6.958792
best 497 time 7.093068
best 492 time 7.479975
best 476 time 7.907251
best 472 time 8.144577
best 465 time 8.379381
best 462 time 8.614575
best 460 time 8.943578
best 453 time 8.990365
best 450 time 9.198738
best 448 time 9.492302
best 435 time 9.584047
best 425 time 9.630195
best 413 time 9.722457
best 410 time 10.006805
best 409 time 10.144425
best 398 time 10.792697
best 397 time 11.128258
best 393 time 11.176578
best 384 time 11.271857
best 382 time 11.462282
best 380 time 12.035345
best 379 time 12.175508
best 370 time 12.611070
best 369 time 12.849070
best 358 time 13.032351
best 357 time 13.132238
best 356 time 13.420128
best 355 time 13.562994
best 353 time 13.797797
best 351 time 14.268487
best 349 time 14.362095
best 347 time 14.409988
best 345 time 14.505404
best 340 time 15.019640
best 337 time 15.405538
best 332 time 16.021221
best 331 time 16.068902
best 328 time 16.449942
best 322 time 16.776366
best 321 time 17.486700
best 320 time 17.776942
best 319 time 18.927099
best 315 time 19.880623
best 314 time 20.458890
best 313 time 20.606444
best 311 time 21.046988
best 307 time 21.292423
best 305 time 22.491877
best 304 time 22.735715
best 303 time 23.131534
best 300 time 23.898603
best 293 time 24.045535
best 292 time 24.472996
best 290 time 24.822294
best 287 time 24.870934
best 285 time 27.003592
best 284 time 27.053248
best 283 time 27.393730
best 282 time 27.439744
best 281 time 27.726980
best 278 time 28.063970
best 276 time 28.839643
best 275 time 28.889275
best 273 time 29.280358
best 272 time 29.888162
best 271 time 30.607051
best 268 time 31.287010
best 265 time 32.313946
best 261 time 32.956133
best 260 time 33.816886
best 256 time 33.907322
best 253 time 34.587182
best 251 time 34.787482
best 248 time 35.268391
best 246 time 36.906267
best 245 time 37.099666
best 244 time 37.292016
best 242 time 37.870007
best 240 time 38.006874
best 239 time 38.780162
best 238 time 39.214888
best 236 time 39.311994
best 235 time 40.785789
best 234 time 41.168993
best 233 time 41.753308
best 230 time 41.849881
best 229 time 42.804506
best 228 time 43.667537
best 227 time 44.675420
best 226 time 45.888608
best 225 time 46.649254
best 224 time 49.010663
best 223 time 50.729366
best 222 time 51.196420
best 221 time 52.487103
best 220 time 52.578979
best 219 time 53.731325
best 218 time 53.977937
best 217 time 54.080397
best 216 time 54.704082
best 213 time 54.986664
best 212 time 56.691084
best 210 time 56.786645
best 208 time 62.044304
best 207 time 65.227426
best 203 time 65.276749
best 202 time 66.847853
best 200 time 69.116904
best 199 time 73.620138
best 196 time 75.780538
best 195 time 78.221090
best 193 time 79.528775
best 192 time 83.326669
best 191 time 84.005198
best 190 time 84.103865
best 189 time 89.807350
best 188 time 94.433348
best 185 time 99.773874
best 184 time 102.377334
best 183 time 102.516868
best 182 time 106.955940
best 180 time 137.537608
best 179 time 138.820536
best 178 time 139.847661
best 177 time 144.189172
best 175 time 146.863831
best 174 time 148.587908
best 173 time 161.571939
best 172 time 172.909920
best 170 time 178.112057
begin solution 3
feasible: evaluation function = 170
10 24 9 19 29 33 12 9 37 13 31 19 2 31 2 40 41 28 0 14 23 11 19 14 37 27 18 23 5 15 21 40 30 29 5 28 12 24 36 10 22 18 25 22 41 0 38 32 38 3 14 6 5 34 25 34 42 3 4 41 6 36 37 5 42 42 15 16 32 13 1 39 24 36 2 33 18 2 27 4 20 27 31 13 14 28 1 41 23 3 9 13 40 31 34 14 12 26 22 14 17 40 38 0 1 33 18 32 2 5 33 10 30 36 43 43 10 24 23 42 29 7 21 18 27 12 2 10 31 26 25 11 10 3 36 6 19 30 38 33 22 5 12 22 20 23 23 18 10 32 6 42 36 39 19 13 19 0 28 38 24 12 3 7 12 42 25 16 39 38 20 10 13 4 25 21 4 18 5 37 32 13 13 27 30 33 19 39 27 7 40 4 31 9 12 0 2 10 37 1 28 43 21 18 40 13 7 14 34 34 14 40 21 1 42 16 24 27 42 35 38 1 4 22 37 33 6 13 19 30 16 5 16 21 21 36 39 9 5 4 34 31 33 37 15 20 0 25 23 30 11 16 43 41 11 41 27 41 27 27 2 3 15 21 3 15 11 21 22 15 19 28 4 10 29 28 15 29 11 16 28 3 9 9 0 44 21 42 0 22 7 36 23 38 29 39 6 30 33 18 32 7 29 44 4 2 32 34 32 34 24 43 32 39 15 31 5 14 24 2 16 1 20 0 29 11 37 7 25 20 25 23 7 37 1 20 16 4 33 43 11 31 3 11 43 28 29 25 7 8 37 22 9 18 39 39 29 6 6 19 15 1 40 35 30 43 9 12 31 36 15 43 6 43 25 34 38 20 1 9 39 26 16 28 8 40 30 7 36 0 34 32 41 24 30 12 22 14 6 24 
3 6 1 9 6 1 5 8 6 3 0 6 3 3 4 3 8 3 5 7 0 8 8 5 7 9 5 9 2 4 3 8 2 2 9 9 0 0 5 6 5 7 0 6 3 6 2 8 0 2 1 8 5 4 8 9 8 0 6 5 4 2 1 7 5 3 6 2 2 0 3 1 5 1 6 6 1 2 0 0 9 5 6 4 8 6 2 9 6 9 3 1 2 5 8 3 9 7 0 0 5 9 6 7 7 3 0 6 9 6 9 0 3 4 9 5 2 3 7 7 9 2 7 8 3 7 7 1 8 5 1 4 4 5 3 0 4 4 7 7 3 1 3 7 0 3 5 9 9 9 9 2 9 6 2 9 1 8 5 8 7 6 6 5 8 1 3 9 4 3 3 5 7 2 7 9 1 2 8 4 5 5 6 1 7 5 7 7 6 9 7 3 1 6 1 3 8 7 9 8 0 1 6 3 5 8 1 6 0 1 4 6 2 6 0 0 2 7 6 0 1 1 4 8 2 2 6 2 3 5 4 3 3 1 8 6 9 2 0 9 5 7 0 5 0 4 4 9 4 6 7 6 7 7 2 4 4 6 8 2 1 7 5 0 4 1 6 4 4 2 0 7 7 8 3 8 3 0 0 5 4 8 9 5 9 4 5 4 2 1 0 8 8 4 7 8 1 9 8 6 1 4 1 5 8 5 7 3 3 7 8 2 0 5 9 4 4 9 9 0 7 4 7 0 4 5 8 7 2 2 4 2 8 0 9 5 1 5 4 8 3 2 3 1 0 1 8 6 6 5 3 9 0 4 3 0 5 3 2 5 8 5 4 5 0 6 7 4 9 7 7 3 7 4 5 6 5 8 0 4 2 8 8 2 0 0 1 3 0 1 2 4 0 1 8 2 2 2 5 4 
end solution 3
end try 3
begin try 4
best 142000852 time 0.453408
best 89000803 time 0.500721
best 79000801 time 0.829339
best 42000849 time 0.876597
best 40000823 time 0.968752
best 33000834 time 1.015015
best 29000856 time 1.158963
best 23000838 time 1.253445
best 20000831 time 1.302126
best 16000874 time 1.447169
best 4000898 time 1.494097
best 882 time 1.536840
best 866 time 1.673985
best 840 time 1.763406
best 826 time 1.807753
best 809 time 1.856181
best 799 time 2.053802
best 785 time 2.148538
best 783 time 2.196465
best 767 time 2.243150
best 751 time 2.340281
best 750 time 2.388176
best 735 time 2.485963
best 723 time 2.677561
best 716 time 2.819518
best 709 time 2.918022
best 679 time 2.960419
best 678 time 3.007786
best 677 time 3.194174
best 674 time 3.239633
best 671 time 3.281676
best 660 time 3.568493
best 646 time 3.665472
best 645 time 3.938556
best 626 time 3.980000
best 610 time 4.212074
best 603 time 4.402276
best 596 time 4.680943
best 595 time 5.032778
best 594 time 5.468476
best 591 time 5.607337
best 580 time 5.938861
best 559 time 6.132698
best 556 time 6.658836
best 554 time 6.807335
best 549 time 6.852770
best 544 time 7.270446
best 541 time 7.925190
best 534 time 8.169737
best 530 time 8.305257
best 524 time 8.443678
best 519 time 8.540504
best 514 time 8.584219
best 511 time 8.821340
best 507 time 8.913348
best 503 time 9.059677
best 501 time 9.108040
best 492 time 9.443926
best 490 time 9.995258
best 482 time 10.610985
best 473 time 10.840186
best 471 time 10.887125
best 470 time 11.116103
best 461 time 11.312638
best 457 time 11.406401
best 455 time 11.772914
best 454 time 12.053549
best 452 time 12.194943
best 444 time 12.380512
best 443 time 12.852418
best 442 time 12.943856
best 438 time 13.129351
best 434 time 13.267614
best 433 time 13.937472
best 427 time 13.986318
best 426 time 14.080384
best 422 time 14.508815
best 417 time 14.732724
best 414 time 14.971704
best 412 time 15.253352
best 411 time 15.796576
best 407 time 15.974557
best 406 time 16.112266
best 403 time 16.410912
best 398 time 16.747556
best 397 time 17.174277
best 393 time 17.361828
best 387 time 17.458796
best 381 time 17.928458
best 380 time 18.021629
best 372 time 18.340668
best 366 time 18.772191
best 363 time 18.820053
best 356 time 19.008292
best 355 time 19.147297
best 351 time 19.809627
best 350 time 20.310940
best 348 time 20.450322
best 338 time 20.494083
best 334 time 20.734945
best 329 time 21.309983
best 327 time 21.405125
best 325 time 22.517046
best 320 time 22.756958
best 319 time 23.420475
best 312 time 23.469727
best 311 time 23.899983
best 310 time 24.089877
best 309 time 24.232907
best 306 time 24.793012
best 303 time 25.236273
best 299 time 25.525686
best 298 time 26.731644
best 297 time 27.114620
best 295 time 27.211138
best 294 time 27.358789
best 293 time 27.591493
best 292 time 27.784971
best 288 time 27.876770
best 287 time 28.261226
best 285 time 28.609068
best 278 time 29.525544
best 277 time 29.920413
best 276 time 30.064320
best 275 time 30.115963
best 274 time 30.219070
best 273 time 30.363399
best 268 time 30.842438
best 267 time 31.521939
best 266 time 31.671167
best 262 time 32.012078
best 261 time 32.154760
best 257 time 32.203895
best 256 time 32.495302
best 252 time 32.731811
best 249 time 32.775128
best 246 time 33.511246
best 245 time 33.805849
best 244 time 33.993187
best 243 time 34.431004
best 241 time 34.529626
best 240 time 35.147671
best 239 time 36.019364
best 237 time 36.177145
best 236 time 37.502059
best 235 time 37.745298
best 234 time 38.462531
best 233 time 38.887236
best 232 time 38.986534
best 231 time 40.115327
best 230 time 40.160405
best 229 time 41.196794
best 228 time 41.737927
best 227 time 43.173756
best 221 time 43.215686
best 220 time 44.274071
best 219 time 44.608768
best 218 time 45.480777
best 217 time 46.155155
best 215 time 48.454161
best 214 time 48.800066
best 211 time 49.594022
best 210 time 50.314908
best 206 time 51.797540
best 203 time 52.248886
best 200 time 52.927434
best 199 time 53.075835
best 198 time 54.156174
best 197 time 54.444471
best 195 time 55.833227
best 193 time 56.468749
best 192 time 58.494418
best 191 time 58.995496
best 190 time 59.633259
best 189 time 63.994315
best 188 time 67.898081
best 187 time 69.948616
best 185 time 70.581865
best 184 time 74.995728
best 180 time 86.060017
best 179 time 88.219290
best 175 time 89.150773
begin solution 4
feasible: evaluation function = 175
10 12 10 32 7 25 14 12 18 0 39 19 5 24 43 42 22 4 24 36 36 8 2 13 32 24 8 25 16 27 38 14 10 36 25 0 5 10 22 21 14 29 19 37 2 35 15 9 4 41 37 25 10 9 30 39 41 34 39 4 39 1 23 36 25 28 28 43 2 32 18 16 13 28 4 29 4 3 5 2 32 40 5 29 33 27 29 9 23 11 33 19 36 0 12 6 33 27 23 31 8 1 20 39 30 29 7 12 33 40 20 14 30 4 0 22 25 1 12 20 7 38 3 32 12 15 9 0 42 20 18 10 43 17 18 28 39 20 40 23 42 29 7 42 37 36 32 27 9 24 27 11 13 21 30 14 34 19 27 20 7 43 31 37 7 16 24 18 41 40 8 44 3 18 13 25 22 6 4 11 33 16 33 7 39 15 19 41 38 10 9 18 15 15 3 1 38 15 16 31 23 40 0 6 7 36 30 31 37 12 38 19 12 13 43 2 42 38 22 10 41 1 18 5 22 23 30 9 19 25 22 38 32 23 38 9 11 9 23 14 6 38 14 23 21 33 7 25 12 37 0 16 2 34 1 13 42 34 5 31 40 37 18 24 37 28 6 29 28 42 15 0 42 43 2 23 20 3 32 34 28 39 32 22 1 7 28 1 21 39 1 6 29 4 41 27 42 11 31 35 43 31 20 8 21 0 5 41 44 37 40 3 20 30 4 24 15 39 4 12 24 36 10 42 6 43 30 2 5 5 19 32 29 11 5 21 38 21 25 34 21 34 30 3 0 22 28 41 22 11 27 16 27 31 11 14 28 34 3 33 13 1 36 43 3 24 26 31 2 19 16 29 19 37 30 34 40 15 33 34 33 15 10 43 41 6 16 3 9 36 6 40 16 13 31 14 13 27 11 18 
3 2 1 5 6 1 5 8 6 3 0 9 3 3 3 3 9 3 5 7 0 8 9 5 7 9 5 3 2 4 3 6 2 2 9 9 0 0 7 6 7 5 0 6 3 5 2 9 0 2 1 7 5 4 8 9 8 0 5 5 4 2 1 9 5 3 6 6 2 0 3 4 9 1 6 6 1 6 4 0 8 5 2 0 1 6 2 3 6 6 3 1 8 2 9 3 8 7 3 0 7 9 6 7 0 9 0 6 9 6 9 0 3 4 6 3 2 6 7 7 9 2 3 9 3 7 7 1 8 5 1 6 4 5 8 0 2 4 7 9 6 1 3 9 3 3 3 1 8 8 8 9 8 4 2 8 1 8 5 8 7 8 6 5 8 9 7 9 4 3 3 5 5 0 7 8 1 2 7 4 7 3 6 1 3 5 2 5 6 9 5 7 1 6 1 3 9 3 6 7 0 1 4 7 5 6 1 9 0 1 0 6 5 6 0 4 2 7 6 4 1 1 4 9 4 2 6 2 3 4 0 5 6 7 8 6 7 1 4 9 5 4 4 5 0 4 2 6 4 8 7 7 7 7 7 4 4 6 6 2 9 9 5 0 4 8 6 4 2 5 0 8 7 9 6 8 3 4 4 5 4 6 1 5 8 4 5 0 2 1 4 8 7 2 7 9 1 8 8 6 1 4 1 6 8 5 7 3 3 7 8 8 0 5 8 4 4 8 9 0 2 4 7 0 4 5 9 5 5 8 4 2 8 0 1 7 1 5 0 9 3 2 4 9 0 2 9 6 8 5 3 8 0 3 3 3 7 3 2 5 3 5 5 7 0 6 3 5 8 5 5 3 7 2 7 8 2 9 0 4 2 8 8 2 0 0 1 7 0 1 1 0 0 1 1 2 2 2 2 2 
end solution 4
end try 4
