begin try 1
best 148000787 time 0.431115
best 133000800 time 0.475386
best 105000723 time 0.520544
best 86000719 time 0.700462
best 81000704 time 0.838055
best 66000695 time 0.883945
best 56000732 time 1.057227
best 53000759 time 1.145316
best 49000751 time 1.193578
best 47000759 time 1.245101
best 41000750 time 1.293214
best 31000740 time 1.341552
best 25000736 time 1.387849
best 23000740 time 1.617651
best 22000761 time 1.707220
best 21000763 time 1.846294
best 19000774 time 1.942016
best 15000781 time 2.030435
best 14000759 time 2.170162
best 12000762 time 2.303765
best 11000763 time 2.613407
best 10000752 time 2.699413
best 8000740 time 3.184530
best 7000743 time 3.317076
best 6000743 time 3.446152
best 5000743 time 3.674994
best 4000762 time 6.822729
best 3000774 time 8.967433
best 2000790 time 17.380625
best 1000795 time 18.666418
best 804 time 27.109233
best 790 time 27.407787
best 786 time 27.497282
best 777 time 27.669661
best 753 time 27.756849
best 741 time 28.429651
best 740 time 28.470034
best 717 time 28.514053
best 698 time 28.731765
best 687 time 28.774728
best 680 time 28.819865
best 666 time 28.866074
best 655 time 28.953707
best 647 time 29.092197
best 642 time 29.272606
best 636 time 29.362267
best 630 time 29.406053
best 614 time 29.495927
best 613 time 29.584713
best 610 time 29.628776
best 599 time 29.714202
best 598 time 30.121266
best 587 time 30.256617
best 586 time 30.300709
best 584 time 30.472909
best 583 time 30.564007
best 578 time 30.654160
best 575 time 30.746291
best 572 time 30.789998
best 554 time 30.915618
best 552 time 31.134608
best 545 time 31.409756
best 543 time 31.897238
best 531 time 32.247269
best 527 time 32.496185
best 525 time 32.540780
best 524 time 32.630714
best 513 time 32.761937
best 501 time 32.852740
best 496 time 33.024091
best 494 time 33.295736
best 484 time 33.341723
best 478 time 33.471779
best 467 time 33.774484
best 459 time 34.079275
best 455 time 34.440258
best 444 time 34.485072
best 441 time 34.933524
best 434 time 35.109726
best 433 time 35.291114
best 431 time 35.375941
best 430 time 35.466539
best 418 time 35.642733
best 416 time 35.829750
best 412 time 35.878009
best 411 time 36.063365
best 408 time 36.244118
best 406 time 36.337522
best 405 time 36.382746
best 400 time 36.598822
best 398 time 36.734769
best 394 time 37.096133
best 393 time 37.229684
best 392 time 37.454628
best 391 time 37.497032
best 389 time 38.544191
best 387 time 38.811700
best 384 time 38.858520
best 380 time 39.001328
best 378 time 39.359802
best 377 time 39.680367
best 374 time 40.138926
best 372 time 40.373313
best 371 time 40.507824
best 365 time 40.596847
best 364 time 41.079458
best 362 time 41.263341
best 358 time 42.114216
best 352 time 42.517719
best 350 time 42.998940
best 349 time 43.134743
best 344 time 43.179654
best 340 time 43.821943
best 339 time 44.644820
best 338 time 44.832398
best 337 time 44.969657
best 335 time 45.979548
best 334 time 46.348927
best 330 time 46.621640
best 325 time 47.093248
best 324 time 48.668282
best 323 time 48.803569
best 321 time 49.017324
best 320 time 49.564467
best 316 time 49.609944
best 315 time 49.832105
best 314 time 50.017048
best 313 time 50.065008
best 312 time 50.248597
best 311 time 50.292380
best 307 time 50.477389
best 303 time 51.306914
best 301 time 52.231784
best 300 time 52.555458
best 299 time 52.729847
best 298 time 53.522162
best 294 time 53.614631
best 291 time 53.705870
best 289 time 53.749770
best 287 time 53.796416
best 276 time 54.012963
best 274 time 54.146382
best 272 time 54.191263
best 271 time 54.566269
best 268 time 54.986271
best 266 time 55.392110
best 264 time 55.619098
best 260 time 55.975057
best 245 time 56.665720
best 244 time 57.799655
best 243 time 57.984682
best 242 time 58.121123
best 240 time 59.188371
best 238 time 59.334414
best 236 time 59.610728
best 235 time 60.447322
best 234 time 61.101270
best 232 time 61.150786
best 231 time 61.196633
best 230 time 61.797352
best 229 time 62.761072
best 227 time 63.555875
best 226 time 64.418235
best 225 time 66.813013
best 223 time 66.943384
best 222 time 69.868789
best 221 time 73.527437
best 219 time 74.138767
best 218 time 76.514174
best 217 time 84.105162
best 216 time 89.104447
best 215 time 101.913309
best 214 time 105.474385
best 213 time 168.098031
best 207 time 168.374699
best 206 time 177.518976
best 205 time 329.261605
begin solution 1
feasible: evaluation function = 205
15 40 36 19 7 27 43 42 38 6 28 25 24 37 33 2 3 42 24 43 42 3 29 32 19 29 44 28 23 36 44 9 3 27 4 15 31 5 32 41 10 28 6 30 18 2 43 1 42 20 9 37 0 26 29 1 24 22 2 24 12 38 5 41 6 0 40 16 5 0 0 10 23 20 37 36 38 29 5 29 37 32 16 6 30 13 6 24 9 25 29 33 41 15 8 33 18 7 29 33 42 21 32 34 39 43 0 21 6 16 41 39 22 2 7 14 18 33 21 16 15 6 41 14 20 15 3 14 1 3 21 43 17 4 42 28 36 21 19 13 42 43 15 20 16 12 27 38 5 25 41 35 13 42 27 2 39 39 36 28 0 9 23 17 17 16 3 38 3 32 30 36 22 19 40 12 30 13 3 34 26 14 11 27 37 0 11 14 14 13 33 30 13 18 31 41 18 5 25 2 28 22 34 7 4 12 39 7 38 23 0 42 20 27 31 18 41 19 23 27 6 40 4 25 31 37 26 1 24 25 10 34 31 7 10 25 40 23 10 1 33 20 30 29 17 23 11 40 21 9 10 2 18 23 32 20 34 25 1 40 2 12 7 31 12 38 6 14 22 10 3 11 14 21 7 11 33 28 24 9 25 25 15 5 22 1 27 21 22 31 23 21 30 44 34 32 0 43 14 40 12 4 12 15 8 41 28 11 10 19 36 24 37 22 0 11 32 40 18 3 31 16 2 39 5 21 9 33 43 7 22 41 39 19 19 18 29 28 34 11 37 1 10 31 16 39 36 39 16 13 12 30 4 18 15 9 35 35 39 32 2 37 5 30 1 36 10 34 42 4 13 34 40 20 27 4 29 34 33 38 20 38 43 8 4 28 30 9 13 11 27 37 43 1 19 24 32 44 7 15 
2 8 8 5 5 2 4 2 5 7 5 9 5 7 4 3 1 9 7 1 7 5 1 8 4 0 2 1 9 4 0 9 0 0 9 0 9 7 2 5 2 4 4 6 1 0 0 9 4 8 4 9 4 2 7 4 6 0 4 4 2 0 6 1 8 0 5 9 8 2 5 6 4 1 6 1 8 2 9 3 0 9 5 9 2 5 1 2 7 1 4 2 0 7 2 8 7 2 8 7 3 9 4 9 0 6 1 6 0 6 6 9 2 8 3 2 8 0 4 1 5 2 3 8 2 6 7 4 1 2 5 7 1 1 5 2 7 7 8 0 0 8 3 4 7 6 6 4 1 2 4 2 1 1 9 2 1 5 9 8 7 2 8 8 0 8 4 9 8 0 7 3 4 2 3 4 1 2 3 4 4 7 3 8 8 8 6 6 1 9 5 0 6 0 7 8 6 0 0 1 0 8 3 4 0 0 6 1 2 6 6 8 9 3 8 3 2 0 7 1 6 4 8 4 3 5 6 8 3 3 9 7 4 8 8 8 6 5 0 5 9 6 3 9 6 2 2 9 1 8 4 7 2 0 3 3 8 7 6 7 5 9 0 2 1 7 3 0 3 7 9 0 9 0 9 1 1 6 0 5 5 6 4 4 7 2 5 3 5 6 3 8 9 6 0 1 3 9 5 0 8 2 7 9 0 9 9 5 1 9 6 1 4 9 9 4 6 1 9 6 0 2 6 3 2 2 0 6 5 6 6 7 4 6 7 5 5 3 2 8 1 3 5 5 0 7 0 8 4 8 5 4 4 4 1 6 3 0 2 5 9 3 5 5 0 2 3 5 6 7 4 1 2 7 4 5 6 6 3 1 0 6 2 6 6 7 8 3 7 7 7 2 3 7 3 8 7 7 7 8 
end solution 1
end try 1
begin try 2
best 133000705 time 0.431799
best 107000788 time 0.479909
best 94000780 time 0.618206
best 80000774 time 0.663616
best 67000810 time 0.974796
best 61000806 time 1.114557
best 50000788 time 1.208974
best 49000806 time 1.303982
best 43000780 time 1.351391
best 41000808 time 1.540642
best 40000810 time 1.642326
best 35000767 time 1.824266
best 31000762 time 2.008735
best 30000757 time 2.101519
best 26000756 time 2.287622
best 22000764 time 2.378486
best 21000775 time 3.108305
best 20000779 time 3.335549
best 19000795 time 3.470305
best 17000798 time 4.213385
best 15000802 time 4.399719
best 14000828 time 4.490909
best 13000829 time 5.343921
best 12000833 time 5.957774
best 11000839 time 32.913965
best 10000825 time 98.167045
best 9000794 time 119.744251
best 8000787 time 123.029005
best 7000802 time 156.700199
best 6000792 time 193.633419
best 5000778 time 242.713798
best 4000752 time 245.780158
best 3000788 time 266.287328
best 2000767 time 302.957992
best 1000773 time 313.809362
best 773 time 315.552169
best 750 time 315.647870
best 741 time 315.783220
best 721 time 315.870248
best 719 time 315.914630
best 699 time 315.957668
best 693 time 316.497571
best 688 time 316.542354
best 673 time 316.632941
best 669 time 316.724843
best 650 time 316.769373
best 639 time 317.103418
best 637 time 317.375718
best 623 time 317.458914
best 612 time 317.635248
best 608 time 317.857950
best 601 time 318.030965
best 598 time 318.159289
best 593 time 318.292775
best 590 time 318.476320
best 585 time 318.828842
best 582 time 319.081495
best 581 time 319.126062
best 579 time 319.342251
best 572 time 319.429214
best 566 time 319.552941
best 562 time 319.644802
best 559 time 319.875281
best 553 time 320.008294
best 552 time 320.485419
best 551 time 320.807611
best 550 time 320.851003
best 549 time 320.940541
best 548 time 320.982206
best 543 time 321.027280
best 535 time 321.071598
best 534 time 321.298762
best 533 time 321.437934
best 532 time 321.527835
best 523 time 321.798664
best 521 time 321.933700
best 513 time 322.150132
best 510 time 322.378317
best 503 time 322.699152
best 501 time 322.837708
best 497 time 323.109969
best 488 time 323.282754
best 479 time 324.040193
best 476 time 324.357341
best 474 time 324.584051
best 470 time 324.725136
best 459 time 324.768833
best 458 time 325.080931
best 455 time 325.613802
best 454 time 325.787237
best 453 time 325.832680
best 435 time 325.964540
best 434 time 326.052139
best 432 time 326.185033
best 431 time 326.279938
best 428 time 326.455003
best 423 time 326.933964
best 420 time 326.976681
best 419 time 327.246495
best 418 time 327.383208
best 415 time 327.429958
best 413 time 327.477946
best 412 time 327.523948
best 407 time 327.749268
best 405 time 328.021879
best 402 time 328.148578
best 396 time 328.702674
best 395 time 328.916814
best 393 time 329.195686
best 392 time 329.524758
best 388 time 329.707093
best 387 time 329.894887
best 381 time 330.173105
best 380 time 330.272036
best 379 time 330.506668
best 374 time 330.861766
best 371 time 331.282075
best 368 time 331.553221
best 367 time 331.777824
best 366 time 331.916398
best 365 time 332.153274
best 360 time 332.336504
best 358 time 332.567635
best 356 time 332.660601
best 355 time 332.745360
best 353 time 332.784320
best 352 time 333.066573
best 351 time 333.541833
best 350 time 333.627572
best 349 time 333.854393
best 348 time 334.494291
best 347 time 335.006631
best 344 time 335.427076
best 342 time 335.797608
best 341 time 336.270925
best 340 time 336.319082
best 339 time 336.411755
best 338 time 336.691560
best 331 time 336.970276
best 330 time 337.103804
best 329 time 337.151841
best 325 time 337.606187
best 318 time 337.887759
best 311 time 338.219491
best 310 time 338.991396
best 309 time 339.124451
best 308 time 339.627662
best 307 time 339.994053
best 306 time 340.454585
best 304 time 340.499443
best 303 time 340.904926
best 301 time 341.087056
best 295 time 341.445304
best 294 time 341.485389
best 292 time 341.890107
best 287 time 342.209922
best 285 time 342.514267
best 281 time 343.338883
best 277 time 344.179133
best 270 time 344.839295
best 269 time 345.406706
best 268 time 347.178101
best 266 time 347.296567
best 265 time 348.391177
best 264 time 351.225633
best 263 time 355.863288
best 257 time 371.130904
best 255 time 371.271530
best 254 time 372.132940
best 253 time 372.270077
best 252 time 377.254107
best 247 time 378.540524
best 244 time 379.097109
best 243 time 383.362055
best 242 time 385.576620
best 241 time 461.281746
best 238 time 476.722779
best 237 time 478.041392
best 236 time 483.852354
best 231 time 484.338516
best 230 time 485.201441
best 225 time 493.532015
best 224 time 493.759134
best 223 time 495.411417
best 222 time 495.886441
best 221 time 496.759067
best 219 time 498.010520
begin solution 2
feasible: evaluation function = 219
21 40 15 42 16 7 31 18 31 33 9 3 38 30 20 36 31 18 16 24 40 14 18 41 37 5 40 9 28 27 35 33 43 17 37 14 0 0 34 32 6 31 19 14 10 25 9 21 16 39 18 22 18 8 1 28 16 24 37 32 10 5 30 29 30 10 36 42 23 13 22 11 24 42 21 22 32 26 20 31 36 15 20 32 10 12 14 27 14 38 42 41 38 6 35 43 41 13 37 25 21 28 14 23 12 27 39 27 19 4 40 39 24 21 37 38 42 22 30 2 36 2 16 16 30 24 11 25 10 0 27 40 14 2 23 42 27 16 19 18 16 27 32 15 21 9 22 34 7 14 20 35 7 28 13 30 6 12 33 33 23 39 14 4 13 25 11 6 11 24 26 19 9 36 18 9 6 19 4 6 2 12 25 0 18 2 38 21 41 21 11 5 23 29 0 14 41 28 4 20 41 7 3 13 11 31 1 19 1 4 29 23 31 42 29 7 23 37 42 21 0 21 20 29 34 19 8 12 39 33 7 19 5 34 9 13 28 40 7 37 2 34 38 36 2 15 5 40 16 28 15 32 28 32 29 43 38 36 1 2 19 15 20 16 43 34 30 12 22 37 43 13 25 43 3 30 40 43 34 31 0 33 4 7 32 27 24 0 4 5 23 36 30 25 44 15 2 39 30 20 3 41 29 6 39 29 4 32 5 5 31 34 23 34 15 3 38 43 12 43 10 31 33 25 29 12 17 3 10 38 10 24 40 6 15 13 41 1 9 24 33 40 43 39 2 3 18 1 39 22 29 12 10 41 34 26 26 4 4 1 37 27 18 33 0 20 15 3 39 5 0 13 22 28 22 11 42 36 9 1 33 25 32 19 23 42 20 3 3 38 22 37 28 1 12 11 7 7 36 6 
2 8 8 5 5 2 4 2 8 7 5 9 5 7 4 3 1 9 7 1 0 9 1 8 4 9 2 1 5 4 0 9 0 7 9 0 9 7 2 1 2 0 4 6 8 0 0 9 4 8 4 9 6 2 0 4 6 6 6 4 3 4 6 5 8 7 1 9 8 2 5 6 4 1 4 1 8 2 9 3 0 9 5 9 2 5 1 2 7 1 4 3 0 0 2 8 7 6 8 7 3 9 4 0 6 0 1 6 0 6 6 0 2 8 3 2 8 0 4 5 5 2 3 8 2 9 7 4 1 2 5 7 5 1 5 2 7 9 8 7 0 8 3 4 7 6 6 4 5 3 6 3 1 1 9 0 1 1 2 8 7 2 8 8 7 8 4 9 8 0 0 3 7 2 3 4 5 2 3 4 4 7 1 8 8 8 6 6 1 5 5 0 9 0 0 2 6 0 0 1 0 8 8 4 0 7 6 1 2 7 6 1 9 3 8 3 2 0 7 1 6 0 8 4 3 5 4 8 3 3 9 7 7 8 8 8 6 5 6 5 9 6 3 9 6 2 2 9 1 8 6 7 2 6 3 3 8 4 4 7 9 5 7 2 1 7 3 0 3 7 7 0 9 2 6 1 1 6 0 5 5 0 4 4 0 9 5 3 5 6 3 8 9 2 0 1 3 9 5 0 1 2 7 7 7 9 9 5 1 8 6 1 4 9 7 2 9 9 9 4 0 2 4 3 2 2 0 4 5 4 6 7 4 6 0 5 5 3 2 8 1 3 5 5 0 7 0 8 4 8 1 4 4 4 5 6 3 1 2 5 1 3 5 5 1 3 3 5 6 5 4 1 2 7 4 1 6 6 3 1 6 6 2 6 6 0 2 3 0 7 7 2 3 7 3 2 7 0 7 8 
end solution 2
end try 2
begin try 3
best 140000722 time 0.438878
best 110000721 time 0.483422
best 104000758 time 0.571937
best 88000763 time 0.618645
best 83000781 time 0.705134
best 81000742 time 0.797354
best 63000805 time 0.841538
best 54000824 time 0.975274
best 51000824 time 1.063197
best 39000830 time 1.152433
best 36000834 time 1.383520
best 32000819 time 1.428174
best 26000818 time 1.519694
best 25000804 time 1.565917
best 17000779 time 1.921469
best 16000788 time 2.017357
best 13000757 time 2.069527
best 9000755 time 2.165078
best 5000785 time 2.504400
best 4000759 time 3.107830
best 3000770 time 3.354705
best 2000781 time 4.716408
best 1000793 time 6.922728
best 797 time 18.459734
best 791 time 18.506444
best 781 time 18.642250
best 759 time 18.688103
best 755 time 18.733124
best 753 time 18.775708
best 750 time 19.044347
best 738 time 19.135178
best 716 time 19.178489
best 709 time 19.363788
best 688 time 19.454690
best 687 time 19.542084
best 675 time 19.765779
best 673 time 19.808697
best 669 time 19.852249
best 666 time 20.110479
best 658 time 20.243612
best 644 time 20.563951
best 640 time 20.649405
best 628 time 20.870858
best 622 time 21.223750
best 600 time 21.313902
best 594 time 21.407982
best 592 time 21.548136
best 587 time 21.764545
best 584 time 21.807532
best 581 time 21.900282
best 580 time 22.212866
best 574 time 22.474819
best 570 time 22.701104
best 569 time 22.878351
best 567 time 22.969632
best 562 time 23.059183
best 561 time 23.101930
best 560 time 23.143951
best 552 time 23.277224
best 544 time 23.633044
best 542 time 23.675415
best 531 time 23.721596
best 527 time 23.894122
best 521 time 24.022722
best 519 time 24.065666
best 516 time 24.107749
best 515 time 24.253096
best 509 time 24.475780
best 505 time 24.567663
best 497 time 24.834912
best 494 time 25.062571
best 493 time 25.154443
best 492 time 25.409215
best 488 time 25.633890
best 482 time 25.811250
best 476 time 26.348583
best 474 time 26.480287
best 473 time 26.562993
best 469 time 26.654035
best 467 time 27.083589
best 464 time 27.263153
best 455 time 27.306372
best 454 time 27.394516
best 449 time 27.652879
best 447 time 27.697876
best 443 time 27.783939
best 433 time 28.115102
best 430 time 28.675968
best 425 time 28.812011
best 424 time 29.000178
best 422 time 29.040067
best 421 time 29.393017
best 404 time 29.620565
best 393 time 29.883949
best 392 time 30.200444
best 387 time 30.397759
best 381 time 30.855050
best 380 time 31.210669
best 379 time 31.443438
best 377 time 31.491504
best 373 time 31.770252
best 367 time 31.858822
best 361 time 32.141840
best 359 time 32.505648
best 349 time 32.545170
best 348 time 32.912753
best 345 time 33.371506
best 343 time 33.466057
best 341 time 33.600518
best 338 time 34.195584
best 336 time 34.429275
best 332 time 34.476142
best 330 time 34.808065
best 328 time 35.327111
best 327 time 36.235219
best 324 time 36.534478
best 321 time 36.678434
best 320 time 37.155849
best 312 time 37.345257
best 311 time 37.962204
best 309 time 38.058255
best 308 time 38.627972
best 305 time 38.952686
best 304 time 39.623467
best 303 time 39.770863
best 298 time 39.819845
best 297 time 41.203844
best 293 time 41.301488
best 291 time 41.866088
best 289 time 42.339441
best 286 time 42.573878
best 280 time 43.132700
best 276 time 43.274187
best 265 time 44.317989
best 264 time 44.967921
best 263 time 45.207153
best 261 time 45.254531
best 260 time 45.352388
best 257 time 46.005202
best 256 time 46.334359
best 253 time 46.477021
best 252 time 47.946848
best 251 time 48.321544
best 250 time 48.512616
best 249 time 49.431327
best 248 time 49.713392
best 246 time 50.149623
best 245 time 50.634702
best 244 time 50.974970
best 242 time 52.013723
best 241 time 52.339776
best 240 time 53.148527
best 239 time 53.382024
best 238 time 54.072891
best 237 time 54.166962
best 234 time 54.533607
best 233 time 54.766989
best 229 time 55.047843
best 227 time 56.120371
best 226 time 56.214442
best 225 time 56.401537
best 224 time 57.894692
best 223 time 58.696495
best 222 time 59.170857
best 221 time 59.630238
best 220 time 60.005837
best 219 time 60.646786
best 218 time 62.161702
best 217 time 63.471292
best 216 time 63.518283
best 212 time 64.728640
best 211 time 66.961795
best 210 time 67.526764
best 209 time 68.321652
best 208 time 69.608592
best 207 time 70.220931
best 206 time 82.014271
best 205 time 102.707778
best 204 time 103.743825
best 203 time 106.964088
best 202 time 107.991388
best 201 time 123.569645
best 199 time 572.088701
best 198 time 572.990553
best 197 time 597.059941
best 196 time 598.950075
best 195 time 599.565173
begin solution 3
feasible: evaluation function = 195
13 13 32 0 29 38 10 37 16 22 14 20 13 20 33 15 4 12 15 12 12 22 15 21 21 1 24 43 42 2 17 28 31 40 13 38 34 25 29 19 23 4 4 18 34 38 27 2 12 33 11 33 30 2 32 34 41 15 5 31 38 33 11 26 43 24 39 9 5 41 1 38 36 5 1 18 1 22 23 28 36 3 20 29 18 4 9 21 13 15 14 16 16 34 35 37 23 43 19 19 31 22 29 31 28 40 6 14 30 22 37 6 36 7 10 18 42 11 14 27 38 15 43 4 40 10 41 38 24 19 3 3 10 30 38 28 36 39 2 20 12 33 9 19 7 12 10 24 7 32 13 17 39 40 43 10 42 13 33 41 25 11 6 29 35 30 3 24 11 2 39 12 5 34 11 4 9 4 32 40 20 16 30 14 23 16 6 30 24 37 23 18 41 42 34 27 9 14 20 2 44 35 39 29 5 40 42 38 27 28 1 36 4 19 22 25 3 23 18 25 34 42 6 39 27 7 2 34 36 41 40 4 17 31 28 25 37 36 19 27 13 32 18 19 39 15 0 42 34 10 25 0 9 21 20 14 3 27 22 39 21 6 29 30 14 37 21 17 7 11 37 29 5 44 30 29 22 15 37 12 0 1 0 7 7 14 29 24 5 23 2 39 0 39 9 31 4 36 21 43 33 31 0 27 42 14 25 41 19 11 28 28 6 32 18 23 7 18 16 28 22 25 16 34 16 1 18 9 25 15 24 13 3 7 9 10 40 13 20 9 1 37 11 30 19 24 33 15 8 36 42 32 5 0 31 43 22 3 12 33 40 6 41 28 0 40 42 43 16 41 36 37 7 21 43 16 31 25 1 31 10 3 5 27 2 41 6 0 30 6 1 43 5 32 24 3 21 10 27 12 
2 8 8 8 1 2 4 2 5 7 5 6 5 7 4 3 1 9 7 1 7 5 1 8 4 9 2 1 9 7 2 9 0 0 9 0 9 0 3 5 2 0 4 6 1 7 0 9 4 6 4 9 4 2 0 4 6 0 4 4 3 7 6 0 8 0 5 9 8 2 5 6 4 1 4 5 8 2 9 3 0 9 5 9 2 5 5 2 7 5 4 3 0 7 2 8 7 7 8 7 3 9 4 9 0 6 1 6 0 6 6 9 2 8 3 8 8 0 7 1 5 9 3 8 2 9 0 4 1 2 5 7 1 1 8 2 7 9 8 8 0 8 3 4 0 6 6 4 1 2 4 3 1 1 9 2 1 1 2 8 7 2 0 8 0 8 0 9 8 0 0 3 7 2 3 6 1 2 3 4 4 7 3 8 8 8 6 6 5 5 5 4 4 0 0 8 6 0 0 1 0 8 3 6 0 7 6 1 2 7 6 1 9 3 8 3 2 0 7 1 6 4 8 4 3 5 4 8 3 3 9 7 4 8 8 8 4 5 6 5 6 6 3 9 6 2 2 2 5 8 4 7 2 6 3 3 8 4 4 7 9 5 7 2 1 7 3 0 3 7 9 0 9 2 9 2 1 6 0 5 5 0 4 4 7 2 5 3 5 6 3 8 9 2 0 1 3 9 5 0 1 2 0 9 7 9 9 5 1 9 6 1 4 9 9 4 9 1 9 4 0 2 4 3 2 2 0 4 5 4 6 0 4 6 7 5 5 3 2 8 1 3 5 5 0 7 0 8 4 8 5 4 6 6 5 6 3 1 2 5 8 3 9 5 1 3 3 5 6 1 6 1 2 7 4 1 6 6 3 7 0 6 2 6 6 7 2 3 7 7 7 2 3 7 8 3 0 7 7 8 
end solution 3
end try 3
begin try 4
best 127000698 time 0.428980
best 108000708 time 0.473814
best 83000716 time 0.562309
best 75000722 time 0.606037
best 54000731 time 0.744146
best 52000727 time 1.153389
best 47000739 time 1.196645
best 46000731 time 1.284320
best 42000729 time 1.329297
best 40000741 time 1.514928
best 29000735 time 1.558871
best 26000751 time 1.687363
best 25000752 time 1.733379
best 24000742 time 1.778064
best 22000747 time 1.861588
best 18000732 time 2.044973
best 17000736 time 2.131461
best 16000750 time 2.597272
best 14000747 time 2.738952
best 13000762 time 2.784585
best 10000772 time 3.109585
best 8000777 time 3.871954
best 7000775 time 4.423017
best 6000792 time 92.155536
best 5000787 time 99.415575
best 4000790 time 109.383233
best 3000800 time 115.831885
best 2000784 time 118.953747
best 1000785 time 131.557876
best 793 time 132.790646
best 782 time 132.927911
best 768 time 133.055544
best 751 time 133.140396
best 745 time 133.406988
best 733 time 133.457807
best 720 time 133.502591
best 704 time 133.822201
best 703 time 133.866601
best 664 time 133.908904
best 653 time 133.952653
best 646 time 134.406189
best 635 time 134.875612
best 633 time 134.964807
best 627 time 135.189758
best 622 time 135.405452
best 611 time 135.537267
best 610 time 135.750326
best 598 time 135.793955
best 597 time 135.836732
best 596 time 136.022932
best 590 time 136.250783
best 571 time 136.293176
best 564 time 136.518813
best 545 time 136.829072
best 538 time 137.048024
best 533 time 137.323079
best 531 time 137.678817
best 522 time 137.723273
best 521 time 137.852447
best 516 time 137.896153
best 502 time 137.941574
best 501 time 138.644658
best 500 time 138.911843
best 499 time 139.044228
best 498 time 139.131051
best 496 time 139.175758
best 493 time 139.265185
best 488 time 139.387168
best 487 time 139.433955
best 485 time 139.657195
best 484 time 139.957692
best 481 time 140.185140
best 475 time 140.405266
best 469 time 140.888640
best 468 time 141.352557
best 466 time 141.490078
best 464 time 141.675841
best 453 time 141.817002
best 445 time 142.040156
best 436 time 142.126401
best 433 time 142.221085
best 429 time 142.311281
best 420 time 142.357857
best 418 time 142.719274
best 400 time 142.760371
best 399 time 143.034544
best 393 time 143.267719
best 390 time 143.635487
best 380 time 143.680140
best 379 time 144.044521
best 370 time 144.139924
best 369 time 144.510664
best 368 time 144.598711
best 367 time 144.736207
best 362 time 144.872599
best 361 time 144.962312
best 360 time 145.191984
best 358 time 145.747234
best 356 time 146.108321
best 352 time 146.295850
best 351 time 146.431808
best 348 time 146.516760
best 347 time 147.148720
best 343 time 147.337495
best 342 time 147.383649
best 341 time 147.473122
best 339 time 147.840872
best 338 time 147.887829
best 335 time 148.526187
best 334 time 148.835910
best 329 time 148.929782
best 319 time 149.027085
best 318 time 149.119324
best 316 time 149.483305
best 314 time 149.526142
best 313 time 149.752243
best 312 time 150.046211
best 309 time 150.266360
best 308 time 150.406308
best 307 time 150.828279
best 306 time 150.976955
best 305 time 152.302848
best 304 time 153.138972
best 301 time 153.379427
best 300 time 153.660872
best 298 time 153.753083
best 297 time 155.679473
best 296 time 156.410950
best 293 time 156.585865
best 291 time 157.449179
best 287 time 157.855303
best 284 time 157.992982
best 283 time 158.629616
best 282 time 159.123688
best 281 time 159.546984
best 277 time 159.636618
best 275 time 159.681724
best 274 time 161.273652
best 273 time 161.541814
best 270 time 161.581164
best 269 time 162.974993
best 261 time 163.067825
best 258 time 163.471677
best 257 time 166.574452
best 256 time 167.196747
best 253 time 168.745381
best 250 time 169.067406
best 249 time 169.491820
best 248 time 170.037715
best 247 time 172.813933
best 246 time 173.276058
best 245 time 174.580399
best 244 time 175.659490
best 242 time 175.743498
best 241 time 177.505068
best 240 time 181.106034
best 239 time 187.445055
best 238 time 187.492667
best 236 time 215.981735
begin solution 4
feasible: evaluation function = 236
41 10 7 25 25 39 7 19 2 13 23 37 7 18 32 31 12 15 39 42 16 38 24 18 38 31 33 3 19 29 15 2 33 27 12 13 33 35 42 12 34 9 1 42 7 36 7 39 34 42 37 43 15 16 23 33 6 15 28 30 43 37 31 20 15 42 32 7 1 18 39 15 22 5 2 9 33 43 34 22 21 32 18 28 31 19 10 7 36 30 22 34 8 6 26 34 0 25 24 1 36 43 10 6 22 43 6 43 12 38 12 18 6 0 40 30 40 32 15 39 5 1 19 2 1 11 6 42 13 12 24 9 36 11 27 13 5 30 30 33 0 9 27 36 1 4 30 3 14 40 26 4 4 38 21 10 0 16 29 21 30 29 13 8 8 27 41 20 16 33 5 22 21 24 33 29 15 28 13 13 20 25 16 36 20 39 2 36 27 12 11 22 14 32 37 42 16 10 14 13 11 35 6 8 34 19 11 1 32 41 42 10 4 20 25 10 27 41 2 19 4 40 38 14 39 1 5 4 30 3 10 28 24 23 3 37 23 14 25 29 14 40 25 5 13 20 36 40 26 32 9 29 20 23 41 24 28 31 27 12 22 16 28 38 39 31 5 18 5 24 25 16 9 3 27 33 43 20 7 28 40 14 6 0 21 13 43 38 20 37 7 31 22 23 20 11 29 36 34 25 6 34 29 3 11 41 31 0 28 14 3 32 18 11 42 2 24 9 0 39 44 11 12 18 9 6 30 1 36 23 21 32 19 39 27 37 25 2 4 41 4 23 19 31 3 38 2 24 35 29 34 40 0 3 33 5 28 37 14 15 41 37 22 18 2 32 14 30 9 31 4 42 5 43 16 16 41 34 0 22 28 27 0 10 19 24 37 15 18 10 19 21 1 4 21 9 40 7 38 43 
2 8 8 9 1 2 4 2 5 7 5 9 5 4 4 3 8 9 7 5 7 5 1 8 4 0 2 1 9 6 2 9 6 0 9 0 9 0 3 1 4 0 4 6 1 0 6 9 7 8 4 4 4 2 7 4 6 0 4 4 3 0 6 1 8 7 5 9 8 2 5 6 4 1 4 1 8 2 9 2 0 9 5 9 2 5 5 2 7 1 6 3 0 0 2 8 7 2 6 0 3 9 4 9 0 0 1 6 0 6 6 9 2 8 2 2 8 0 7 1 5 9 3 8 2 9 7 4 1 2 5 7 1 1 5 2 0 9 8 7 0 8 3 4 7 0 6 4 1 3 4 3 1 1 9 2 1 1 9 8 7 2 8 8 7 8 7 9 8 0 7 3 4 2 3 4 1 2 3 4 4 7 3 8 8 8 6 6 1 5 5 7 7 6 7 2 6 0 0 5 0 8 3 4 0 7 6 1 2 4 0 1 9 3 8 3 2 0 7 1 6 0 8 4 3 5 4 8 3 3 9 7 4 8 8 8 4 5 6 5 9 6 3 9 6 2 2 9 0 8 4 0 7 0 3 3 8 4 4 7 5 9 0 2 0 7 8 0 3 0 4 0 9 2 9 1 1 6 0 5 5 6 4 4 7 9 5 3 5 6 3 8 9 2 0 8 3 9 5 0 5 2 7 9 7 9 9 5 1 8 6 1 6 4 9 2 9 5 9 4 0 2 4 3 2 8 0 6 5 6 6 7 4 6 7 5 5 3 2 8 5 3 8 5 0 0 0 8 4 8 1 4 6 7 5 6 3 1 2 5 1 3 1 1 1 3 3 5 6 1 4 1 2 7 4 5 6 6 3 8 6 6 2 6 6 7 2 3 7 7 0 2 3 7 3 3 7 7 7 8 
end solution 4
end try 4
