begin try 1
best 163000813 time 0.452645
best 150000859 time 0.546448
best 132000788 time 0.637875
best 95000789 time 0.682955
best 70000778 time 0.778559
best 63000778 time 0.824370
best 53000735 time 0.869839
best 35000789 time 0.960585
best 33000795 time 1.055211
best 26000797 time 1.151655
best 23000836 time 1.290365
best 18000843 time 1.337908
best 14000835 time 1.381495
best 8000836 time 1.472873
best 1000863 time 1.563893
best 864 time 1.709383
best 858 time 1.808068
best 857 time 1.854373
best 846 time 1.902195
best 844 time 1.949240
best 814 time 2.040578
best 811 time 2.085946
best 810 time 2.183121
best 806 time 2.228158
best 796 time 2.369396
best 784 time 2.415795
best 783 time 2.459343
best 763 time 2.648821
best 746 time 2.788931
best 734 time 2.831405
best 727 time 3.017624
best 726 time 3.212942
best 720 time 3.256156
best 713 time 3.441094
best 707 time 3.740389
best 704 time 3.787968
best 696 time 3.836071
best 670 time 3.878027
best 668 time 3.971385
best 665 time 4.071424
best 657 time 4.355719
best 648 time 4.401208
best 640 time 4.638415
best 636 time 4.922737
best 628 time 5.352224
best 613 time 5.399855
best 607 time 5.590691
best 596 time 5.823808
best 594 time 6.015378
best 590 time 6.159049
best 588 time 6.206379
best 584 time 6.353069
best 571 time 6.553677
best 562 time 6.693802
best 558 time 7.070569
best 541 time 7.256462
best 537 time 7.478323
best 530 time 7.723169
best 525 time 8.054302
best 520 time 8.101144
best 518 time 8.290499
best 510 time 8.537267
best 502 time 9.059462
best 493 time 9.144967
best 491 time 9.426076
best 490 time 9.570985
best 479 time 9.620993
best 464 time 9.810642
best 462 time 9.954712
best 461 time 10.000733
best 453 time 10.051918
best 451 time 10.101308
best 444 time 10.332187
best 443 time 10.893425
best 439 time 10.939433
best 437 time 11.073374
best 434 time 11.121789
best 433 time 11.358016
best 429 time 11.737072
best 419 time 12.058943
best 418 time 13.051690
best 413 time 13.097164
best 411 time 13.490164
best 410 time 13.578021
best 406 time 13.671672
best 404 time 13.859990
best 403 time 14.052054
best 397 time 14.584369
best 395 time 14.636031
best 390 time 14.678281
best 389 time 16.131055
best 384 time 16.452160
best 382 time 16.695307
best 380 time 17.177995
best 370 time 17.276863
best 367 time 17.714837
best 364 time 17.764178
best 363 time 18.538938
best 362 time 18.629590
best 355 time 19.199310
best 354 time 19.244613
best 351 time 19.916585
best 344 time 20.499885
best 343 time 20.978993
best 338 time 21.079160
best 336 time 21.936084
best 335 time 22.799653
best 332 time 24.142297
best 331 time 24.716233
best 330 time 25.109066
best 329 time 25.484575
best 328 time 25.783738
best 327 time 26.020742
best 326 time 26.667591
best 325 time 27.531510
best 320 time 28.060812
best 319 time 29.044200
best 318 time 29.507457
best 317 time 29.850255
best 315 time 30.236273
best 314 time 30.428082
best 313 time 31.243077
best 312 time 31.495633
best 311 time 32.270431
best 307 time 32.508261
best 305 time 32.605546
best 298 time 32.647703
best 297 time 34.002964
best 295 time 35.594301
best 294 time 35.935738
best 293 time 36.178158
best 287 time 36.811524
best 286 time 37.579066
best 284 time 38.709770
best 281 time 39.040811
best 280 time 39.486396
best 278 time 39.978392
best 277 time 40.504874
best 274 time 40.642669
best 273 time 41.879662
best 272 time 42.912707
best 271 time 43.533187
best 268 time 44.476356
best 267 time 47.304965
best 266 time 50.294611
best 265 time 53.942228
best 264 time 55.913071
best 263 time 58.908607
best 262 time 61.035618
best 260 time 64.052580
best 259 time 65.177783
best 257 time 65.423290
best 253 time 66.113676
best 252 time 68.673860
best 250 time 69.778278
best 249 time 69.920856
best 248 time 72.908290
best 246 time 74.561848
best 245 time 81.381181
best 244 time 87.955586
best 241 time 91.678482
best 240 time 95.455595
best 239 time 97.444193
best 238 time 98.473032
best 234 time 98.655080
best 232 time 101.102733
begin solution 1
feasible: evaluation function = 232
34 33 22 14 22 9 43 1 37 33 19 9 21 30 4 4 15 6 40 32 0 14 25 37 42 30 14 1 30 2 27 28 7 20 32 15 19 38 27 2 6 36 20 25 25 29 5 32 23 7 5 31 38 23 38 43 20 29 34 9 26 39 42 18 39 15 15 21 36 41 21 23 28 43 3 7 7 40 19 6 2 43 17 7 10 40 6 4 20 30 7 24 37 43 34 4 11 1 0 38 26 2 2 13 16 28 41 17 4 34 10 28 9 39 43 22 18 5 24 6 15 2 34 18 33 14 42 20 19 0 18 37 40 15 0 14 29 9 3 41 16 41 32 40 25 18 13 12 36 14 38 24 19 15 22 31 24 42 31 3 10 30 12 6 13 7 39 14 41 23 27 28 12 42 33 36 23 3 21 3 0 24 3 22 27 31 11 11 30 39 32 4 27 37 11 5 24 31 32 37 25 38 20 34 36 41 43 34 31 37 32 13 5 31 23 9 4 4 0 36 6 28 38 28 1 16 1 1 25 36 3 41 0 14 41 40 14 24 10 11 37 43 7 11 39 10 19 33 42 28 5 9 34 36 28 16 11 33 9 14 41 38 30 4 34 22 12 20 44 18 10 42 25 22 32 36 13 27 17 35 0 15 30 18 19 29 12 42 8 21 39 21 12 5 10 3 5 2 40 15 21 9 10 39 29 16 41 13 18 18 27 19 32 12 42 26 35 1 10 39 37 15 32 40 25 9 29 38 36 16 24 31 24 20 1 44 1 6 12 0 23 40 25 7 37 28 35 43 26 2 23 11 0 43 40 13 19 30 3 11 22 20 2 19 27 6 29 18 6 29 7 33 22 31 33 23 33 30 10 38 4 44 27 16 23 21 13 12 16 24 11 1 21 8 34 33 12 27 25 5 
1 6 0 6 3 1 5 3 6 5 3 2 6 1 6 4 4 8 1 5 0 0 5 2 8 4 5 2 8 4 5 6 2 3 3 3 6 1 4 6 9 4 9 8 0 4 3 9 5 8 1 0 8 8 7 1 0 1 8 5 8 7 4 5 0 0 2 3 8 5 2 2 9 6 5 0 1 8 2 1 7 7 5 7 0 5 5 2 5 9 5 2 1 9 3 5 2 1 6 6 0 5 9 0 7 3 1 9 3 5 5 2 4 1 4 6 3 4 4 0 5 2 4 6 0 3 2 2 0 1 4 5 2 6 8 2 8 8 9 0 8 2 6 3 3 1 2 1 3 9 3 0 1 7 5 3 6 5 5 2 6 6 6 2 1 4 5 7 9 3 7 5 5 0 1 2 1 8 8 7 3 9 4 7 0 7 5 3 0 3 1 0 3 3 6 0 1 8 2 0 6 2 4 2 0 3 3 6 4 9 0 5 6 2 6 0 1 9 9 7 3 7 0 4 4 0 8 6 7 5 0 7 4 1 4 6 8 5 9 1 4 2 6 0 2 1 9 9 9 1 7 3 0 6 0 5 4 2 9 4 8 5 2 7 7 9 0 1 0 0 7 3 9 4 7 1 3 6 0 0 7 8 5 7 7 5 4 7 5 7 6 4 9 9 4 3 5 1 7 1 0 6 8 9 2 2 6 7 2 8 1 4 8 3 6 7 5 0 2 4 7 9 4 4 4 7 0 4 9 1 3 9 7 7 5 1 7 6 7 5 9 0 1 3 8 8 4 8 5 0 0 7 2 0 9 9 5 7 1 8 8 8 3 8 8 7 7 9 4 9 9 7 2 1 8 7 3 3 3 9 8 5 9 9 4 5 8 8 4 8 9 9 9 0 9 4 2 2 2 2 
end solution 1
end try 1
begin try 2
best 158000815 time 0.454353
best 106000799 time 0.499599
best 94000800 time 0.591752
best 68000806 time 0.638172
best 63000835 time 0.732887
best 61000849 time 0.832692
best 53000816 time 0.927774
best 31000821 time 1.022586
best 22000817 time 1.359258
best 19000811 time 1.749944
best 15000812 time 1.898325
best 11000827 time 1.985439
best 10000808 time 2.175466
best 9000830 time 2.365824
best 7000812 time 2.462686
best 4000816 time 2.609564
best 3000815 time 3.085689
best 2000811 time 3.133262
best 1000815 time 4.084125
best 798 time 4.219773
best 782 time 4.265471
best 769 time 4.311074
best 759 time 4.355265
best 734 time 4.545022
best 727 time 4.641327
best 726 time 4.688732
best 720 time 4.738168
best 709 time 4.832675
best 697 time 4.979718
best 684 time 5.070835
best 672 time 5.157158
best 671 time 5.204189
best 665 time 5.347494
best 652 time 5.446043
best 649 time 5.494894
best 643 time 5.636544
best 640 time 5.820072
best 635 time 5.960184
best 603 time 6.004099
best 600 time 6.138589
best 599 time 6.321894
best 596 time 6.471883
best 579 time 6.607001
best 569 time 6.843185
best 567 time 6.939256
best 566 time 7.267532
best 562 time 7.357048
best 553 time 7.403520
best 552 time 7.677453
best 542 time 7.910960
best 540 time 8.240219
best 534 time 8.614424
best 533 time 8.662236
best 520 time 8.903425
best 518 time 9.092027
best 516 time 9.512966
best 513 time 9.560561
best 506 time 9.746329
best 499 time 10.031419
best 498 time 10.125407
best 482 time 10.262405
best 481 time 10.775669
best 480 time 11.153891
best 479 time 11.243246
best 473 time 11.435872
best 472 time 11.618893
best 471 time 11.712820
best 463 time 11.949518
best 461 time 11.994350
best 454 time 12.234828
best 451 time 12.554290
best 449 time 12.786246
best 444 time 13.110833
best 443 time 13.202818
best 441 time 13.341598
best 440 time 13.387304
best 437 time 13.703787
best 435 time 14.694907
best 433 time 14.789324
best 430 time 14.926744
best 429 time 14.973999
best 428 time 15.075804
best 427 time 15.356355
best 426 time 15.631588
best 418 time 15.862792
best 417 time 16.389036
best 409 time 16.578146
best 406 time 16.818345
best 404 time 16.868343
best 399 time 17.290091
best 391 time 17.623682
best 386 time 17.718190
best 382 time 17.907866
best 380 time 18.613054
best 379 time 18.848445
best 375 time 18.946696
best 372 time 19.810937
best 367 time 20.730178
best 365 time 21.200546
best 362 time 21.813885
best 361 time 22.048997
best 353 time 22.289313
best 350 time 22.383466
best 348 time 22.579357
best 340 time 23.351451
best 339 time 23.492347
best 336 time 23.831578
best 332 time 23.924569
best 327 time 23.966892
best 325 time 24.159735
best 323 time 24.404211
best 318 time 24.786982
best 313 time 25.252970
best 310 time 25.967883
best 309 time 26.598245
best 305 time 26.740965
best 301 time 28.728044
best 299 time 29.942356
best 296 time 29.989325
best 290 time 30.657170
best 289 time 30.891445
best 288 time 31.034887
best 287 time 31.522212
best 284 time 31.954169
best 282 time 32.235966
best 281 time 32.576681
best 278 time 35.047709
best 277 time 35.676262
best 276 time 35.918839
best 275 time 36.064732
best 274 time 36.538833
best 272 time 36.920851
best 271 time 37.257969
best 266 time 38.218774
best 265 time 38.902399
best 262 time 40.691905
best 261 time 41.233973
best 259 time 42.852163
best 258 time 45.106626
best 257 time 47.656036
best 255 time 48.134989
best 254 time 48.712151
best 252 time 49.060161
best 249 time 49.545884
best 248 time 50.177987
best 247 time 51.852704
best 246 time 53.043010
best 245 time 55.011372
best 244 time 56.428161
best 241 time 56.478779
best 236 time 57.466726
best 234 time 58.770556
best 232 time 61.097051
best 226 time 65.739935
best 225 time 66.639126
best 223 time 67.340164
best 222 time 70.718493
best 221 time 71.549310
best 220 time 72.454374
best 219 time 73.679093
best 217 time 74.404607
best 215 time 76.200445
best 214 time 77.208214
best 212 time 81.208962
best 211 time 87.101621
best 210 time 91.361174
best 209 time 95.326944
best 206 time 96.669544
best 205 time 98.210563
best 204 time 101.171917
begin solution 2
feasible: evaluation function = 204
9 36 30 43 42 32 41 24 19 29 40 22 33 1 41 37 10 34 5 22 16 43 13 23 30 2 10 42 27 9 5 40 2 43 25 20 1 19 29 13 2 7 19 29 34 5 6 41 15 36 39 23 11 37 9 30 2 16 27 30 0 12 24 20 20 22 3 32 28 43 6 36 21 3 2 15 22 40 38 10 38 41 0 24 16 18 39 17 12 21 9 3 2 0 36 38 40 12 1 39 11 31 41 23 3 42 6 36 15 29 34 18 42 23 6 15 7 4 23 13 3 28 36 28 41 16 4 1 1 30 37 17 10 16 4 31 23 24 14 20 10 34 18 42 4 34 27 25 28 38 9 14 14 7 32 14 19 22 14 43 0 0 4 5 43 38 31 39 20 5 10 28 36 33 26 11 25 41 32 31 30 24 9 40 37 24 18 7 44 38 33 38 11 21 30 24 5 6 15 28 24 25 22 14 7 3 14 22 23 9 33 21 22 0 14 21 15 15 20 32 3 20 33 6 36 26 37 42 1 9 0 20 11 38 42 12 0 26 42 13 21 1 11 6 24 33 1 18 28 12 19 18 31 11 38 40 1 20 27 19 27 5 37 19 4 32 12 21 44 16 7 6 11 13 37 0 31 42 8 31 9 2 5 21 3 8 14 12 27 7 34 33 29 23 7 15 3 36 20 16 18 37 38 25 13 30 33 36 19 9 2 41 28 25 22 27 39 29 21 32 11 7 34 0 16 43 11 28 22 37 10 30 16 42 19 12 43 12 12 4 39 34 41 6 6 40 31 23 33 13 40 2 41 27 25 25 35 13 43 18 31 25 2 18 10 29 13 24 3 34 44 1 39 18 15 5 39 27 34 37 28 40 10 39 25 32 15 19 43 30 16 27 29 39 4 21 33 23 4 7 
1 6 0 6 8 1 5 3 6 3 3 2 3 1 6 4 4 8 1 9 6 0 5 6 8 4 0 2 1 2 9 4 2 3 3 3 3 1 4 3 5 4 9 1 0 4 3 3 5 5 1 5 8 3 6 1 0 2 6 5 8 9 4 5 4 8 2 3 8 5 2 2 5 3 9 0 1 1 3 1 1 7 5 5 4 4 5 0 5 1 0 4 1 9 3 5 2 2 6 6 0 0 9 0 0 3 1 9 3 5 5 2 4 1 4 6 3 1 3 2 9 2 1 3 0 3 0 2 5 4 5 5 2 8 7 2 7 8 9 0 5 2 3 0 3 1 2 1 6 9 3 0 1 5 5 6 3 5 5 2 3 6 6 2 1 4 5 7 9 3 7 5 0 0 1 2 8 8 7 7 3 6 4 8 0 7 5 6 0 6 1 0 3 6 6 0 7 8 2 0 1 2 4 2 0 6 3 3 4 5 8 9 6 2 7 0 1 4 6 8 7 7 9 5 4 0 7 6 7 9 0 8 4 7 5 6 1 5 9 1 3 0 1 0 2 7 9 9 9 1 7 6 9 6 2 5 4 2 0 4 4 0 2 0 4 0 0 8 5 0 7 6 5 4 8 7 3 7 0 6 7 7 5 4 8 5 4 7 5 8 6 4 0 9 1 9 5 7 1 1 0 6 8 0 0 2 6 8 2 8 8 4 1 6 7 7 8 2 2 4 7 9 4 4 5 7 9 4 0 1 3 9 7 1 5 4 8 3 8 5 4 9 1 9 7 7 4 8 5 9 0 6 2 8 5 9 5 7 9 7 8 7 3 8 8 7 8 9 1 7 9 8 2 1 7 8 3 3 3 9 7 9 9 9 4 9 8 8 4 7 9 9 9 0 9 7 2 2 2 2 
end solution 2
end try 2
begin try 3
best 163000834 time 0.457935
best 99000847 time 0.503615
best 79000843 time 0.550731
best 75000863 time 0.645723
best 62000845 time 0.741105
best 47000842 time 0.787210
best 34000867 time 0.986446
best 32000853 time 1.039420
best 28000847 time 1.093999
best 26000832 time 1.192894
best 20000836 time 1.239260
best 18000837 time 1.386726
best 13000820 time 1.433368
best 12000840 time 1.480634
best 11000822 time 1.529076
best 6000854 time 1.575459
best 877 time 1.621009
best 866 time 1.714125
best 865 time 1.808688
best 849 time 1.853013
best 848 time 1.899240
best 826 time 1.946697
best 819 time 2.084195
best 812 time 2.129045
best 790 time 2.228869
best 788 time 2.373081
best 779 time 2.468019
best 766 time 2.512479
best 763 time 2.701113
best 756 time 2.746557
best 738 time 2.984597
best 727 time 3.229623
best 724 time 3.418473
best 707 time 3.604638
best 702 time 3.749768
best 694 time 3.843522
best 693 time 3.890707
best 690 time 3.985952
best 683 time 4.272933
best 681 time 4.376349
best 668 time 4.418883
best 656 time 4.695749
best 652 time 4.741885
best 651 time 4.976031
best 646 time 5.159555
best 635 time 5.675247
best 612 time 5.768826
best 607 time 6.581702
best 604 time 6.624918
best 596 time 6.716809
best 592 time 6.813298
best 577 time 6.860595
best 576 time 7.292916
best 573 time 7.435517
best 569 time 7.531528
best 563 time 7.578821
best 555 time 7.663817
best 553 time 7.851186
best 548 time 7.991717
best 546 time 8.083893
best 533 time 8.275818
best 531 time 8.737686
best 527 time 9.024147
best 523 time 9.117714
best 503 time 9.356077
best 501 time 10.018709
best 496 time 10.206427
best 489 time 10.301968
best 488 time 10.350799
best 484 time 10.396366
best 474 time 10.585195
best 467 time 11.233567
best 464 time 11.709007
best 451 time 12.230169
best 448 time 12.424949
best 446 time 12.573558
best 443 time 12.862124
best 441 time 13.152972
best 437 time 13.295235
best 435 time 13.484264
best 426 time 13.667722
best 420 time 14.077940
best 408 time 14.601434
best 407 time 15.030129
best 406 time 15.079224
best 404 time 15.127549
best 403 time 15.175174
best 394 time 15.362750
best 392 time 15.410074
best 389 time 15.552797
best 388 time 15.745969
best 384 time 16.082084
best 382 time 16.408493
best 373 time 16.688326
best 371 time 16.879374
best 370 time 17.023559
best 367 time 17.600349
best 365 time 17.651219
best 362 time 17.835331
best 361 time 18.029377
best 360 time 19.345961
best 358 time 19.776701
best 350 time 20.343887
best 349 time 20.574107
best 348 time 20.993782
best 347 time 21.040958
best 346 time 21.174235
best 343 time 21.550270
best 340 time 21.914751
best 337 time 22.151365
best 332 time 22.249628
best 331 time 23.148650
best 330 time 23.390470
best 324 time 23.775949
best 323 time 24.369552
best 322 time 24.467719
best 321 time 24.661714
best 319 time 25.969714
best 316 time 26.116943
best 315 time 26.497091
best 312 time 26.729060
best 307 time 27.123686
best 302 time 27.560121
best 301 time 28.438969
best 298 time 28.735606
best 296 time 28.883367
best 295 time 29.079520
best 294 time 29.366106
best 293 time 29.805300
best 286 time 30.528465
best 285 time 30.669288
best 278 time 31.199298
best 277 time 32.556943
best 276 time 32.793331
best 275 time 33.870313
best 274 time 34.066928
best 272 time 34.308293
best 270 time 34.447556
best 269 time 35.183925
best 268 time 35.766896
best 267 time 36.256893
best 266 time 37.286267
best 263 time 37.676752
best 261 time 37.815136
best 260 time 38.057496
best 257 time 38.446242
best 254 time 39.135455
best 253 time 39.526542
best 251 time 39.768418
best 250 time 40.304546
best 249 time 40.641749
best 248 time 41.127986
best 244 time 41.905472
best 241 time 42.396829
best 240 time 42.976538
best 237 time 44.439280
best 233 time 45.277806
best 230 time 45.769465
best 229 time 46.707414
best 227 time 47.052919
best 226 time 47.931313
best 225 time 50.081411
best 224 time 50.913428
best 222 time 51.064452
best 221 time 51.307408
best 219 time 51.403827
best 218 time 52.436089
best 217 time 52.585201
best 216 time 52.676726
best 215 time 53.760921
best 213 time 55.648509
best 212 time 58.544056
best 211 time 59.485341
best 210 time 61.108999
best 209 time 62.333635
best 205 time 62.484101
best 204 time 63.685884
best 203 time 65.365905
best 202 time 66.047667
best 196 time 68.832741
best 191 time 74.852664
begin solution 3
feasible: evaluation function = 191
39 1 30 9 7 30 4 1 23 28 5 41 39 9 30 21 40 25 18 12 16 34 40 6 12 14 1 20 23 4 25 38 6 8 10 39 15 24 11 41 6 29 39 36 5 20 24 43 27 14 1 13 14 34 40 39 14 13 22 41 27 41 32 10 22 10 5 23 29 30 42 16 34 7 2 6 0 11 27 43 31 42 2 28 28 41 17 24 39 43 27 6 7 12 33 37 2 40 5 29 43 3 11 20 4 30 3 16 15 5 20 25 37 0 21 32 13 33 20 18 9 28 1 9 29 25 36 39 44 29 7 42 34 38 25 43 31 24 29 16 23 6 3 18 32 23 3 25 30 38 13 36 6 20 40 13 9 23 31 33 27 19 4 15 41 36 19 22 29 22 32 34 3 9 14 23 19 24 10 19 19 21 18 6 7 0 3 28 4 3 25 31 29 22 2 0 36 40 12 18 32 1 2 25 1 10 43 2 34 22 21 27 0 21 4 5 33 37 10 34 37 39 21 0 21 43 28 42 19 23 6 2 7 43 33 16 2 1 11 22 22 17 31 11 31 42 43 19 18 28 41 14 41 36 28 38 3 9 24 31 6 33 23 38 33 42 12 32 32 38 28 43 13 16 7 15 31 21 3 14 22 31 28 37 1 35 13 15 36 20 2 5 10 10 4 34 24 1 11 29 33 12 12 40 14 11 37 13 31 15 42 39 11 37 18 36 26 10 27 4 15 0 16 0 38 20 8 20 30 10 36 39 9 37 12 9 18 42 2 13 19 15 38 16 5 30 24 12 37 44 19 11 29 26 41 15 18 34 7 16 5 4 40 27 38 40 25 24 27 23 21 14 7 42 9 18 41 11 0 7 15 14 5 32 27 32 16 21 33 3 22 36 42 8 4 34 37 19 0 32 
1 6 0 3 3 1 5 3 6 3 3 2 6 1 8 4 4 5 1 9 6 0 9 6 7 4 9 2 1 2 9 6 2 3 3 3 6 1 4 6 5 4 9 8 0 4 3 4 5 5 1 0 7 6 6 8 0 1 6 5 7 7 4 5 2 8 2 3 8 5 2 2 9 6 5 0 1 1 3 1 1 8 9 9 4 4 5 2 5 8 0 3 1 4 3 9 2 1 6 6 0 0 5 0 8 3 1 5 3 5 5 0 4 7 5 8 8 1 3 2 5 2 4 6 0 3 2 2 0 1 4 5 2 3 7 2 8 7 5 0 8 4 3 3 3 4 2 1 6 5 3 0 1 9 5 6 0 5 5 2 6 6 3 2 1 4 5 8 9 3 7 5 9 9 1 2 1 8 7 7 3 3 4 7 0 8 5 6 0 6 4 0 3 0 3 0 1 7 2 0 6 2 4 2 0 6 3 0 4 5 8 9 6 2 6 9 8 0 1 7 3 7 0 4 1 5 7 6 8 9 9 7 5 7 5 3 1 5 9 1 4 0 6 0 2 1 9 9 9 1 8 3 0 6 0 9 4 2 0 4 8 0 0 8 7 0 0 1 0 0 8 6 9 4 7 1 3 6 7 6 7 7 5 1 7 5 4 5 5 8 6 4 0 9 1 3 5 8 7 7 9 3 8 0 2 2 6 7 9 7 4 4 8 7 6 7 5 2 2 4 4 9 1 5 4 7 0 1 9 4 3 0 7 8 5 4 7 3 8 5 4 0 1 9 7 7 4 1 5 5 0 6 2 0 9 9 5 1 8 7 8 7 3 8 7 8 8 9 1 7 9 8 2 7 8 8 3 3 3 9 8 9 1 5 4 9 8 7 4 8 9 9 9 5 9 8 2 2 2 2 
end solution 3
end try 3
begin try 4
best 170000748 time 0.463564
best 121000729 time 0.509480
best 118000803 time 0.601389
best 84000875 time 0.695651
best 70000820 time 0.882510
best 61000876 time 0.930313
best 50000870 time 1.068654
best 42000851 time 1.115980
best 35000853 time 1.212415
best 31000876 time 1.260026
best 23000886 time 1.352213
best 18000903 time 1.397716
best 14000918 time 1.444558
best 11000897 time 1.490159
best 9000889 time 1.537904
best 8000886 time 1.629032
best 6000898 time 1.674421
best 4000896 time 1.904415
best 1000865 time 2.190748
best 873 time 3.548091
best 828 time 3.677331
best 824 time 3.947700
best 821 time 4.038354
best 819 time 4.084602
best 797 time 4.311584
best 793 time 4.445037
best 790 time 4.592562
best 776 time 4.636628
best 771 time 4.724982
best 746 time 4.997382
best 745 time 5.276866
best 740 time 5.555900
best 733 time 5.836555
best 731 time 6.022736
best 717 time 6.066756
best 715 time 6.308570
best 704 time 6.358318
best 695 time 6.788978
best 694 time 6.977264
best 673 time 7.025429
best 670 time 7.308822
best 652 time 7.404836
best 649 time 7.632932
best 636 time 7.771923
best 631 time 8.012856
best 629 time 8.152135
best 619 time 8.297150
best 618 time 8.665011
best 615 time 8.712411
best 612 time 8.761934
best 607 time 8.808486
best 603 time 8.993905
best 597 time 9.273700
best 596 time 9.537881
best 590 time 9.821990
best 586 time 10.191980
best 583 time 10.280420
best 574 time 10.327438
best 566 time 10.505607
best 564 time 11.122522
best 555 time 11.361892
best 552 time 11.451523
best 546 time 11.499437
best 544 time 11.546825
best 541 time 11.683847
best 538 time 12.385851
best 533 time 12.768567
best 525 time 12.989547
best 518 time 13.181739
best 513 time 13.276925
best 505 time 13.648222
best 495 time 14.411856
best 494 time 14.557407
best 484 time 14.930541
best 483 time 15.301020
best 478 time 15.397663
best 476 time 15.769237
best 475 time 15.816786
best 470 time 16.508206
best 469 time 16.599458
best 464 time 16.779928
best 462 time 16.871096
best 460 time 16.959859
best 459 time 17.188198
best 455 time 17.375802
best 451 time 17.420661
best 447 time 17.511983
best 446 time 18.535313
best 444 time 18.769981
best 439 time 18.814242
best 434 time 18.859850
best 433 time 19.137535
best 431 time 19.480460
best 430 time 19.712078
best 426 time 19.805435
best 418 time 19.898634
best 414 time 20.181679
best 409 time 20.277189
best 400 time 20.413387
best 394 time 21.027901
best 392 time 21.068996
best 388 time 21.486576
best 384 time 22.425894
best 382 time 22.993213
best 380 time 23.734266
best 379 time 23.782572
best 377 time 23.921145
best 376 time 23.967593
best 373 time 24.062457
best 368 time 24.199165
best 366 time 24.436324
best 365 time 24.860056
best 363 time 25.001091
best 360 time 25.095914
best 359 time 25.142587
best 358 time 25.383802
best 355 time 25.946522
best 353 time 25.992946
best 352 time 26.457573
best 350 time 26.696014
best 349 time 28.101474
best 347 time 28.750394
best 343 time 28.842738
best 342 time 29.080585
best 341 time 29.595642
best 340 time 30.475336
best 339 time 30.517129
best 338 time 31.028390
best 337 time 31.398597
best 336 time 31.440950
best 334 time 31.536899
best 332 time 31.673386
best 327 time 32.750236
best 326 time 33.411307
best 323 time 33.644138
best 319 time 33.877132
best 317 time 34.112916
best 316 time 35.289980
best 315 time 35.431090
best 312 time 35.943278
best 309 time 36.082988
best 308 time 36.449436
best 307 time 36.721228
best 306 time 37.717850
best 303 time 37.814292
best 301 time 37.957708
best 298 time 38.147686
best 297 time 38.614844
best 295 time 39.569796
best 293 time 39.996798
best 291 time 40.181350
best 290 time 40.368814
best 288 time 40.458859
best 287 time 40.506747
best 286 time 40.651901
best 285 time 40.740943
best 284 time 40.837640
best 283 time 41.482510
best 282 time 41.718580
best 281 time 42.171450
best 280 time 42.219139
best 279 time 42.919100
best 277 time 43.386606
best 273 time 44.357437
best 270 time 45.662388
best 268 time 46.216525
best 267 time 46.353236
best 265 time 47.034865
best 264 time 47.548761
best 263 time 47.742534
best 262 time 47.786435
best 261 time 48.152350
best 259 time 48.751258
best 258 time 48.848671
best 255 time 49.544757
best 254 time 50.934347
best 252 time 52.118698
best 250 time 53.200840
best 249 time 53.629101
best 245 time 53.672202
best 244 time 54.297297
best 241 time 54.790420
best 240 time 54.836398
best 238 time 55.216238
best 237 time 55.402000
best 233 time 56.498913
best 232 time 57.866014
best 231 time 57.966007
best 230 time 58.160547
best 228 time 58.394700
best 227 time 60.330590
best 225 time 61.234853
best 224 time 62.493947
best 221 time 62.588566
best 220 time 62.785847
best 219 time 63.852472
best 216 time 64.751714
best 215 time 65.616539
best 214 time 66.967894
best 213 time 68.019493
best 212 time 68.347378
best 209 time 69.647437
best 208 time 73.081938
best 207 time 74.108121
best 206 time 74.255011
best 205 time 74.578640
best 204 time 74.956171
best 203 time 75.054457
best 202 time 79.038988
best 201 time 81.611179
best 200 time 82.139941
best 199 time 87.068180
best 197 time 91.779560
best 193 time 95.413023
best 192 time 104.146740
begin solution 4
feasible: evaluation function = 192
1 38 20 3 21 34 5 36 30 32 40 42 27 15 29 42 11 2 16 14 23 24 37 13 2 19 44 7 15 36 33 22 4 39 14 10 28 28 4 18 40 14 24 12 10 30 14 3 3 37 33 37 5 16 4 24 9 2 32 37 2 10 23 7 33 7 21 43 31 41 43 37 20 6 13 3 10 24 1 38 32 23 8 32 19 40 6 5 43 13 29 31 38 34 28 1 11 27 7 30 28 25 11 18 15 5 30 30 1 38 34 9 41 10 30 42 1 6 25 14 2 29 42 6 27 15 40 31 11 11 3 18 16 22 9 20 41 39 9 31 38 28 21 37 18 31 0 7 31 28 41 33 3 14 25 15 29 15 23 25 20 36 25 2 20 0 27 3 12 20 22 31 10 12 2 5 33 6 25 21 21 33 19 23 17 25 44 0 15 27 21 23 4 9 13 32 4 18 38 6 21 10 39 29 41 23 38 24 16 36 37 42 12 13 22 1 42 34 33 19 32 11 27 7 9 40 24 7 5 6 42 36 18 6 5 9 11 29 41 18 36 28 16 26 13 12 21 33 34 43 13 40 4 5 6 3 31 19 0 12 41 26 15 28 31 7 39 30 35 43 41 19 5 43 16 1 33 6 44 24 34 20 1 4 39 8 10 3 9 40 38 27 35 22 29 0 0 39 14 19 22 43 12 32 3 22 43 36 24 12 13 11 20 10 19 21 28 18 43 25 1 7 12 2 29 19 10 5 36 27 42 16 13 25 24 9 34 28 43 42 17 18 29 32 12 37 36 24 13 14 26 23 27 25 31 15 4 4 42 16 39 16 9 22 22 38 15 39 0 8 20 27 41 18 30 7 29 11 21 34 40 19 33 0 37 23 0 0 8 1 36 16 38 34 40 32 39 4 30 32 
1 3 0 6 6 1 5 3 3 3 3 2 3 1 6 4 4 5 1 5 6 0 9 6 7 4 0 2 4 2 5 1 0 3 3 3 3 1 4 6 5 4 9 2 5 4 9 3 5 8 1 0 7 3 6 1 0 0 8 5 8 7 4 5 2 8 2 3 8 5 0 2 5 3 9 0 1 4 2 1 1 8 9 7 0 4 5 0 5 1 0 3 4 4 5 9 2 8 3 6 0 0 9 9 8 3 1 9 3 5 5 2 4 8 5 6 6 1 3 2 9 2 1 6 9 3 2 2 0 1 4 5 2 3 8 2 7 0 9 0 7 4 5 3 3 1 2 1 6 9 3 0 1 7 5 6 8 5 5 2 6 1 6 2 1 4 5 7 9 3 5 5 0 0 1 2 4 8 7 7 3 8 5 7 0 8 5 6 0 6 1 0 3 7 3 0 1 7 2 0 4 2 4 9 0 3 9 3 4 5 6 9 6 2 6 0 7 3 6 7 6 7 0 4 1 0 7 6 8 9 0 7 4 4 4 6 8 5 9 1 6 2 6 0 0 3 9 9 9 1 7 6 9 6 2 9 4 2 0 4 1 5 2 7 7 0 5 2 0 9 8 3 9 4 5 4 3 7 7 6 7 7 5 7 7 5 4 8 5 7 6 4 5 9 1 3 5 1 1 1 0 6 7 5 2 2 7 8 2 8 4 5 4 6 6 8 8 2 2 4 7 9 1 4 4 8 9 1 0 1 3 0 8 1 5 4 8 6 8 5 4 0 7 9 5 7 4 8 5 0 9 1 2 9 9 9 5 8 8 7 8 8 3 7 8 8 7 9 1 7 9 7 2 8 7 7 3 3 0 2 8 9 7 9 4 9 7 8 4 8 9 9 0 0 9 4 2 2 0 2 
end solution 4
end try 4
