begin try 1
best 544 time 6.375000
best 385 time 28.046875
best 303 time 44.203125
best 261 time 59.156250
best 254 time 74.343750
best 224 time 92.125000
best 220 time 145.625000
best 216 time 169.640625
best 212 time 184.500000
best 206 time 198.968750
best 202 time 204.171875
best 188 time 219.187500
best 183 time 239.875000
best 181 time 245.109375
best 177 time 250.328125
best 176 time 255.531250
best 172 time 260.437500
best 167 time 265.656250
best 166 time 270.921875
best 163 time 281.390625
best 161 time 291.828125
best 159 time 296.781250
best 158 time 307.234375
best 157 time 317.734375
begin solution 1
feasible: evaluation function = 157
1 9 43 43 34 5 26 37 39 41 14 6 10 2 31 33 7 6 14 26 23 39 41 18 31 15 15 21 3 18 27 19 30 11 43 20 1 14 6 4 24 9 25 22 20 23 34 3 11 20 6 40 2 0 16 18 18 41 4 33 13 15 9 13 7 17 21 27 22 41 25 20 34 27 13 7 39 34 3 38 39 11 38 18 9 30 9 42 19 43 0 7 0 11 14 42 30 18 4 0 40 21 32 1 24 10 32 31 12 11 16 29 0 25 40 29 42 28 19 41 10 14 40 33 27 9 19 37 2 28 7 42 6 2 36 36 18 11 42 11 38 0 13 2 31 21 20 29 4 25 14 40 28 28 16 0 33 22 0 28 4 5 3 20 33 30 5 25 28 11 12 30 13 43 22 1 42 37 23 21 35 25 41 1 10 22 19 28 33 27 42 7 29 0 3 36 40 38 25 37 15 41 40 23 34 23 37 3 39 16 39 15 25 27 6 4 32 38 28 43 28 41 37 33 0 41 27 5 14 2 7 9 36 15 16 5 34 12 30 31 12 31 23 37 28 1 10 32 13 24 16 40 10 3 15 23 2 24 1 22 34 5 17 9 23 33 31 15 40 24 22 30 37 5 12 23 30 3 39 32 20 36 22 43 1 10 6 30 31 38 21 29 42 16 32 42 4 14 25 37 13 32 12 26 2 19 11 12 22 29 24 31 12 36 24 29 19 18 20 13 4 43 43 38 10 8 32 27 18 12 19 26 7 33 10 17 40 44 21 38 9 29 15 6 5 39 30 14 36 3 33 3 2 36 43 34 13 36 21 38 24 29 22 1 21 29 15 27 4 5 34 16 7 1 37 13 5 6 10 32 41 20 39 12 4 16 21 34 20 19 25 16 9 7 32 44 19 38 27 39 
3 6 1 9 6 1 5 8 5 3 0 6 3 3 3 4 9 3 5 7 2 6 9 5 7 9 5 8 2 4 3 8 2 8 8 6 0 4 7 6 5 8 0 6 7 6 2 8 0 2 8 7 5 4 8 8 3 0 5 5 4 2 9 8 5 3 6 9 2 4 3 1 9 1 6 6 9 0 4 0 7 5 6 0 1 6 2 6 6 2 7 0 8 2 7 3 8 7 3 0 5 9 6 7 0 8 3 6 9 6 9 0 3 4 6 3 2 3 7 5 9 2 3 7 7 7 3 0 8 5 1 4 4 7 9 0 6 4 7 9 9 1 3 9 4 3 3 1 8 5 8 2 9 2 2 9 9 9 5 8 7 8 6 5 2 1 3 9 4 3 7 5 5 6 7 8 1 2 8 4 5 7 6 1 7 5 9 7 6 8 5 3 9 6 1 7 9 3 6 9 4 7 4 5 5 9 1 3 2 1 3 6 2 6 0 0 2 7 6 0 1 1 4 8 2 8 4 5 3 4 4 3 6 1 7 4 8 6 0 9 5 0 0 5 0 4 2 8 2 9 5 8 5 7 8 3 2 6 6 8 1 6 5 0 4 1 5 0 0 2 0 7 7 9 0 7 3 0 0 5 4 2 1 5 9 4 5 4 2 1 0 8 9 6 7 8 1 9 8 6 1 0 1 6 6 5 7 3 3 7 8 8 4 5 7 4 0 9 9 0 2 4 7 4 6 5 9 5 2 8 4 2 2 0 1 7 1 5 5 8 5 2 7 1 0 1 9 6 8 5 3 9 0 4 3 4 7 3 2 5 3 5 4 5 7 6 3 0 9 7 7 3 7 2 3 9 2 2 0 4 2 8 8 2 4 4 1 3 0 1 1 0 4 8 1 2 2 2 2 4 
end solution 1
end try 1
begin try 2
best 434 time 7.593750
best 326 time 31.531250
best 278 time 55.468750
best 234 time 72.062500
best 220 time 90.093750
best 216 time 112.890625
best 196 time 131.156250
best 185 time 166.046875
best 183 time 213.078125
best 181 time 218.187500
best 176 time 222.984375
best 173 time 228.078125
best 172 time 233.156250
best 170 time 243.343750
best 168 time 248.437500
best 166 time 253.562500
best 165 time 268.906250
best 162 time 274.031250
best 161 time 284.203125
best 160 time 289.328125
best 159 time 314.968750
best 158 time 340.500000
best 155 time 345.046875
best 153 time 350.171875
best 152 time 360.390625
best 147 time 380.812500
best 145 time 385.890625
best 144 time 390.984375
best 143 time 401.203125
best 142 time 406.359375
best 139 time 452.406250
begin solution 2
feasible: evaluation function = 139
25 34 25 24 21 1 16 6 14 24 24 37 41 38 7 3 44 10 32 12 43 23 6 20 4 20 8 33 9 18 15 43 11 41 32 28 4 5 43 40 7 38 41 20 40 18 13 36 29 32 10 35 39 36 19 43 13 10 30 3 34 3 5 9 33 12 4 23 29 15 38 24 15 0 43 21 40 34 39 0 14 17 11 37 39 12 26 36 34 16 34 18 1 5 41 21 34 1 1 0 24 36 31 31 36 3 30 19 16 32 34 20 5 37 29 21 42 27 11 43 11 12 33 3 19 20 39 7 4 29 9 10 2 16 19 12 14 3 14 27 37 31 42 39 21 4 32 28 18 3 42 36 22 39 14 32 19 22 1 2 41 6 22 34 22 13 31 14 5 34 44 9 0 4 31 21 21 25 24 22 23 9 11 21 23 27 22 39 41 33 18 1 0 13 30 9 25 11 41 30 33 7 43 24 13 9 15 29 14 43 28 6 27 36 13 32 39 3 33 20 39 12 1 40 43 25 5 21 27 12 25 30 7 37 25 4 0 38 15 20 4 15 7 22 29 42 16 9 40 1 12 11 27 28 7 38 39 42 25 23 33 15 23 33 6 4 18 30 40 19 27 13 28 30 24 0 33 9 2 7 18 22 22 0 31 32 25 29 33 37 38 28 12 11 19 2 6 40 37 10 41 23 28 26 24 15 6 28 20 36 38 15 3 5 29 27 31 42 18 6 1 24 37 11 16 14 5 2 15 28 41 26 18 42 0 36 29 26 22 2 16 40 16 27 6 23 13 40 38 35 10 42 9 40 31 6 30 2 31 37 38 10 7 41 31 42 43 18 12 5 32 29 13 27 14 10 30 10 28 2 20 19 10 1 25 23 20 0 19 30 34 19 16 36 38 7 37 23 2 35 
3 2 1 8 5 1 5 8 6 3 0 3 3 5 3 3 5 3 5 7 0 6 2 5 7 9 5 9 2 4 3 8 2 2 9 6 4 0 7 5 7 8 0 6 7 6 2 8 4 2 1 7 5 4 8 9 3 0 6 5 4 2 1 8 5 3 6 9 2 4 3 1 9 2 6 6 1 0 0 4 9 5 0 0 8 6 4 3 6 9 7 1 8 2 9 3 9 7 0 0 7 9 6 5 0 6 4 6 8 6 8 0 3 4 8 7 2 8 7 5 9 2 7 9 3 7 3 8 8 5 1 4 6 7 9 0 4 4 7 9 6 1 3 9 0 3 3 1 8 8 9 2 9 4 2 8 1 7 5 8 5 9 6 5 8 1 3 8 4 3 3 5 7 0 7 9 1 2 9 4 7 7 5 8 3 5 2 7 6 8 7 3 6 6 1 3 9 3 8 7 0 1 2 5 5 6 1 6 0 1 0 6 2 6 0 0 2 7 6 4 1 1 4 8 4 8 6 2 3 4 0 3 6 8 7 2 9 1 0 8 5 7 0 5 3 4 2 9 4 6 5 8 7 5 9 4 6 6 6 8 1 6 5 4 4 1 5 0 0 2 0 9 7 9 2 8 3 0 0 5 0 3 1 5 9 4 5 0 2 1 0 9 9 6 5 7 1 9 9 6 1 4 2 6 6 5 7 3 3 7 7 8 0 5 9 4 0 7 9 5 9 4 7 4 6 5 8 5 2 8 4 2 2 0 1 5 1 5 0 9 3 2 0 1 0 1 8 6 9 5 7 8 4 3 8 3 5 3 2 5 6 5 4 7 4 5 3 3 8 7 7 7 7 6 3 8 2 2 4 4 2 7 9 2 4 0 1 3 0 8 1 4 4 1 2 2 2 2 2 0 
end solution 2
end try 2
begin try 3
best 1000728 time 5.265625
best 473 time 10.890625
best 372 time 26.031250
best 315 time 42.437500
best 288 time 52.000000
best 281 time 88.046875
best 280 time 136.046875
best 277 time 153.125000
best 271 time 157.718750
best 255 time 162.546875
best 250 time 167.437500
best 249 time 177.421875
best 238 time 197.265625
best 237 time 202.406250
best 235 time 207.515625
best 233 time 217.031250
best 231 time 227.109375
best 230 time 232.250000
best 225 time 237.375000
best 212 time 242.531250
best 205 time 252.828125
best 200 time 257.937500
best 197 time 263.078125
best 196 time 273.390625
best 193 time 278.531250
best 192 time 283.671875
best 186 time 288.828125
best 181 time 293.984375
best 176 time 309.484375
best 175 time 314.625000
best 174 time 319.796875
best 171 time 324.953125
best 169 time 330.125000
best 163 time 335.296875
best 159 time 345.593750
best 158 time 350.703125
best 155 time 355.828125
best 154 time 366.125000
best 152 time 371.328125
best 151 time 376.468750
best 150 time 386.828125
best 144 time 392.078125
begin solution 3
feasible: evaluation function = 144
15 15 7 9 4 1 44 10 25 11 33 11 0 42 5 11 20 7 15 43 37 4 21 27 1 33 17 42 20 44 12 13 25 23 5 29 37 19 19 18 0 43 10 33 4 37 28 41 40 36 42 5 20 36 34 21 24 7 36 38 14 34 10 16 41 44 30 10 43 27 6 30 0 37 12 34 39 12 25 40 15 32 2 37 43 27 34 20 21 19 33 16 25 23 1 16 25 17 10 29 25 12 6 21 2 32 43 29 16 36 39 18 24 21 25 19 30 42 6 22 2 18 43 40 28 5 38 31 41 30 19 19 38 21 1 4 15 3 9 42 6 36 5 28 29 12 41 23 3 38 22 21 3 28 31 42 18 43 14 14 14 41 7 7 30 25 13 7 24 23 39 31 2 16 23 1 19 33 32 1 3 30 11 18 18 16 11 24 39 13 16 36 41 24 5 14 0 31 23 11 4 31 29 32 2 42 2 22 30 9 38 10 12 43 32 31 27 40 20 9 4 28 2 41 39 4 22 12 3 12 0 5 9 38 2 39 7 34 6 19 29 15 5 39 43 33 6 27 20 38 31 28 35 22 23 1 42 22 24 14 24 36 3 41 37 31 5 6 1 1 40 19 38 32 2 36 15 7 11 34 23 37 42 25 32 9 28 22 15 0 16 33 12 8 7 27 12 39 6 13 41 14 18 26 20 40 36 34 40 0 34 13 42 11 33 25 3 30 28 36 43 11 1 11 14 35 3 13 24 38 0 10 40 20 40 28 3 10 13 6 21 16 37 7 13 14 22 27 0 19 20 27 32 32 29 16 23 37 5 9 37 18 24 4 29 3 9 21 29 10 33 34 13 10 27 18 4 15 34 18 38 9 31 41 24 23 22 39 39 6 33 4 28 40 9 17 0 22 14 2 
3 4 2 8 6 1 5 8 6 3 0 8 3 3 4 7 9 3 5 5 2 9 2 5 7 9 5 8 2 4 3 9 2 9 8 9 0 0 7 6 5 7 0 6 5 6 2 9 0 2 2 9 5 4 8 8 9 4 6 5 4 2 1 8 5 3 6 9 2 0 3 1 9 1 6 6 1 0 0 4 9 5 0 5 1 4 4 8 6 6 3 1 8 2 8 3 9 7 3 0 7 8 6 7 3 6 4 6 9 5 8 0 3 4 3 3 2 6 5 5 9 2 3 9 3 7 3 0 3 5 2 4 4 5 6 4 6 4 7 7 9 1 5 9 4 7 7 1 8 9 3 9 2 4 2 5 8 9 5 9 7 6 6 5 7 1 3 8 4 3 7 5 7 6 7 9 1 2 8 4 7 3 6 9 7 5 2 7 6 8 7 3 0 6 1 3 8 3 6 9 0 1 2 3 5 9 1 9 0 1 0 6 2 6 0 4 2 7 6 0 1 1 4 8 2 8 0 5 3 4 0 3 6 1 8 4 9 1 4 9 5 0 0 5 0 4 2 3 4 6 7 6 7 7 8 3 4 6 8 8 1 8 5 4 4 6 6 0 0 2 6 8 7 9 2 9 7 0 1 5 4 8 1 5 7 4 5 4 2 1 0 8 9 0 7 9 1 9 7 6 1 0 1 5 7 5 7 7 3 7 9 2 0 5 7 4 0 8 8 0 8 4 5 0 6 5 9 5 2 8 4 2 2 0 1 7 1 5 4 8 3 2 7 1 0 1 8 6 6 5 3 8 2 4 8 4 5 3 2 5 9 5 5 7 3 6 3 0 7 7 5 3 7 4 7 3 2 8 0 4 2 9 8 2 0 0 1 3 0 1 1 3 0 8 2 2 2 2 2 6 
end solution 3
end try 3
begin try 4
best 480 time 8.093750
best 348 time 31.750000
best 283 time 52.703125
best 263 time 73.671875
best 236 time 94.734375
best 225 time 114.468750
best 223 time 201.343750
best 217 time 210.812500
best 203 time 221.078125
best 200 time 226.187500
best 198 time 231.328125
best 196 time 236.484375
best 191 time 241.640625
best 190 time 251.953125
best 189 time 257.125000
best 183 time 262.281250
best 182 time 267.468750
best 180 time 272.640625
best 178 time 283.062500
best 176 time 298.656250
best 175 time 303.796875
best 174 time 324.500000
best 172 time 329.687500
best 171 time 334.890625
best 170 time 340.125000
best 168 time 345.312500
best 167 time 350.453125
begin solution 4
feasible: evaluation function = 167
19 25 9 32 42 6 36 29 14 7 30 34 3 21 14 11 25 1 22 29 21 36 14 39 6 20 14 10 19 32 4 28 13 6 41 32 15 42 42 11 33 19 35 40 41 20 42 36 20 28 40 39 6 6 33 2 41 21 40 0 23 18 3 1 12 8 33 16 28 29 15 31 0 20 3 42 15 23 37 14 15 2 7 43 7 36 24 29 24 27 16 12 18 6 6 27 25 22 38 19 31 5 5 18 43 22 13 2 41 33 24 3 1 41 37 0 27 38 39 41 22 18 25 21 43 37 34 8 12 43 27 27 19 11 40 9 41 5 16 3 24 25 43 0 1 18 9 11 36 12 3 3 23 38 19 9 10 7 29 4 40 21 41 25 7 13 33 30 31 30 35 44 23 9 4 31 14 16 43 30 10 31 38 43 6 4 7 36 11 43 20 40 21 7 22 29 21 37 11 16 24 29 28 13 31 4 19 37 11 0 0 18 33 6 38 32 2 2 36 13 36 38 27 29 14 34 39 10 5 16 24 2 1 23 30 9 1 38 1 13 5 12 10 8 24 4 42 38 7 15 32 5 26 13 10 20 40 25 9 0 23 4 34 1 19 18 12 32 4 11 2 44 23 16 40 37 22 41 34 30 10 22 4 21 18 37 13 40 1 4 3 2 15 27 14 3 22 32 14 39 27 5 11 35 5 32 38 10 42 12 13 42 28 37 34 39 36 42 33 9 28 25 9 29 37 17 19 19 15 24 20 34 43 40 24 9 32 3 31 35 10 29 0 1 33 15 28 23 14 15 11 39 7 28 25 34 38 0 30 24 0 20 22 35 16 30 27 25 10 21 27 30 44 31 16 39 12 21 18 33 23 12 31 31 28 18 12 23 13 34 5 34 6 30 5 36 7 32 43 15 
3 2 1 8 5 1 5 9 6 3 0 9 3 3 4 4 9 7 5 7 0 3 9 5 7 8 5 6 2 4 3 9 2 9 8 6 0 0 7 5 7 8 0 5 3 6 2 8 0 6 1 8 5 4 8 8 9 4 6 5 4 2 1 8 5 3 5 6 5 4 3 1 9 1 6 6 8 0 0 0 9 5 0 0 1 4 2 6 6 8 3 0 8 2 8 3 7 7 3 0 7 8 6 7 4 8 0 6 7 6 7 4 3 4 9 3 2 9 7 5 9 5 3 8 3 7 3 0 3 5 9 6 6 7 9 4 2 4 5 9 8 1 7 8 5 3 3 1 9 9 8 2 9 2 5 9 1 7 5 8 7 6 6 5 8 1 3 8 4 7 3 5 5 6 7 8 1 2 9 4 5 3 6 1 3 5 9 7 6 8 7 3 1 5 2 3 9 3 9 9 4 1 2 3 5 9 1 6 0 1 4 6 2 6 0 3 2 7 6 4 1 1 4 8 2 8 0 2 7 4 0 3 6 8 9 2 9 4 4 9 5 4 0 5 3 4 4 8 4 6 7 3 5 7 9 3 2 6 8 2 1 6 5 0 4 1 6 0 0 2 0 8 7 8 8 8 3 0 6 5 4 6 1 5 9 4 5 4 2 2 0 9 7 0 7 7 1 9 8 6 1 0 8 6 9 5 7 7 3 7 8 8 0 5 7 4 0 9 9 0 7 4 7 0 2 5 9 7 2 9 4 2 6 0 1 5 1 5 0 5 3 2 0 1 0 1 8 6 3 5 3 9 6 3 8 4 5 7 2 5 6 5 4 7 0 6 5 0 8 7 7 3 7 6 7 3 2 2 4 4 2 8 9 2 4 0 1 3 6 1 1 0 0 1 2 2 2 2 2 4 
end solution 4
end try 4
