begin try 1
best 35 time 0.375000
best 18 time 0.734375
best 15 time 1.500000
best 13 time 2.625000
best 11 time 3.000000
best 7 time 4.109375
best 6 time 5.250000
best 5 time 7.812500
best 4 time 8.843750
best 3 time 9.140625
best 2 time 11.218750
best 1 time 11.484375
best 0 time 11.984375
begin solution 1
feasible: evaluation function = 0
27 6 4 18 25 28 28 0 9 18 1 34 22 19 28 3 39 21 7 6 13 20 28 3 39 24 7 9 28 22 23 36 25 23 36 0 29 18 34 32 42 42 39 43 38 5 32 34 15 41 33 25 31 29 23 37 19 2 32 33 40 10 40 36 19 30 13 29 21 2 29 43 27 7 30 43 13 33 40 36 7 33 43 5 19 30 36 41 25 24 27 38 34 0 30 21 25 21 29 37 
3 2 2 0 4 2 0 0 0 3 0 0 0 1 1 0 3 1 0 1 1 0 3 1 2 3 3 2 4 2 0 4 0 2 3 3 0 2 2 1 0 1 1 3 2 0 3 3 0 2 3 3 2 2 3 0 3 2 0 0 2 0 1 1 0 3 2 1 0 0 3 2 0 2 2 1 0 2 0 2 1 1 0 2 2 4 0 0 1 2 1 0 4 2 0 3 2 2 4 1 
end solution 1
end try 1
begin try 2
best 28 time 0.375000
best 21 time 1.140625
best 13 time 1.890625
best 9 time 2.656250
best 7 time 4.171875
best 5 time 4.921875
best 4 time 5.640625
best 3 time 6.656250
best 2 time 8.968750
begin solution 2
feasible: evaluation function = 2
12 5 14 25 43 36 21 7 29 32 24 15 9 0 1 14 7 9 25 40 19 5 23 22 6 0 10 2 12 22 22 11 6 18 41 21 32 0 28 37 40 10 36 19 32 42 1 2 30 24 13 30 9 38 17 37 18 30 0 2 11 10 16 14 20 29 16 9 31 39 13 10 9 1 4 18 3 19 18 34 3 2 36 40 10 4 34 27 33 0 36 19 13 15 16 1 3 13 11 21 
3 2 2 0 0 2 0 0 0 3 0 0 4 1 1 0 3 1 2 1 1 0 3 1 2 3 3 2 0 2 0 0 0 2 3 3 0 4 0 1 0 1 3 3 2 0 3 3 0 2 3 1 2 2 0 0 1 2 0 0 2 0 1 1 0 2 2 3 0 0 1 2 0 2 2 3 0 2 0 2 1 1 0 2 4 0 0 0 0 2 1 0 0 2 0 0 2 2 1 1 
end solution 2
end try 2
begin try 3
best 29 time 0.359375
best 25 time 0.734375
best 24 time 1.109375
best 22 time 2.578125
best 20 time 2.953125
best 15 time 3.703125
best 11 time 4.453125
best 7 time 4.812500
best 6 time 5.546875
best 4 time 7.328125
best 3 time 10.015625
best 2 time 27.328125
best 1 time 27.718750
begin solution 3
feasible: evaluation function = 1
34 7 28 19 0 29 20 36 38 40 30 19 31 40 18 6 40 19 2 21 16 43 4 25 18 30 20 37 1 20 24 0 2 38 3 19 7 0 36 23 25 4 24 27 22 39 2 29 4 6 22 5 33 23 3 22 21 25 0 18 5 36 30 24 31 37 43 24 41 42 4 27 1 32 1 34 41 27 34 1 41 0 2 23 16 25 7 5 18 21 37 29 12 4 3 21 40 34 33 3 
3 2 2 2 4 2 0 0 0 0 0 0 2 1 3 0 3 1 2 3 1 0 3 1 2 3 3 0 3 2 0 2 0 2 3 3 3 3 2 1 0 0 3 3 2 0 3 3 4 2 3 1 2 2 2 0 1 2 0 0 2 3 1 1 0 2 2 2 2 0 1 2 0 2 2 1 0 0 0 4 1 1 1 0 0 3 0 0 1 2 1 0 0 2 0 0 2 2 0 1 
end solution 3
end try 3
begin try 4
best 26 time 0.359375
best 17 time 0.734375
best 9 time 1.109375
best 8 time 1.484375
best 7 time 1.859375
best 4 time 5.921875
best 3 time 7.218750
best 2 time 37.515625
begin solution 4
feasible: evaluation function = 2
29 20 43 32 12 18 36 37 23 14 33 24 18 32 41 38 37 9 37 42 1 41 39 18 37 32 1 0 33 16 40 18 14 25 19 28 22 20 9 38 42 28 23 27 40 15 14 38 28 34 21 20 31 42 10 22 24 19 18 20 21 27 13 39 34 11 29 9 19 10 43 15 31 27 24 27 29 5 25 31 20 43 9 2 25 19 21 34 33 22 21 11 41 23 4 11 13 36 39 34 
3 2 2 0 0 2 0 0 0 2 0 0 3 1 1 0 3 1 4 1 1 0 3 1 2 3 3 0 2 2 0 4 0 2 3 3 3 4 0 1 0 1 1 3 2 0 3 3 0 2 3 1 2 2 2 0 1 2 0 0 2 0 1 1 3 2 2 2 0 0 1 2 0 2 2 1 0 0 0 3 3 3 3 0 3 4 0 0 1 2 1 0 2 2 0 1 2 2 0 1 
end solution 4
end try 4
begin try 5
best 36 time 0.359375
best 35 time 0.734375
best 32 time 1.109375
best 15 time 1.484375
best 9 time 2.593750
best 7 time 2.984375
best 6 time 3.718750
best 3 time 4.843750
best 2 time 12.187500
begin solution 5
feasible: evaluation function = 2
0 34 28 38 27 38 7 34 27 28 4 21 32 43 0 37 34 36 0 11 26 22 42 2 6 30 1 40 1 39 2 25 5 24 20 31 21 7 27 16 6 36 19 24 23 1 23 14 37 1 7 11 31 2 5 3 6 37 43 30 40 31 5 22 30 18 30 24 19 33 37 25 39 42 43 1 32 22 18 33 2 20 4 32 42 41 28 31 24 21 27 18 0 36 29 27 5 4 19 9 
3 2 2 0 4 2 0 0 0 3 0 0 2 1 1 0 3 1 0 1 1 0 3 1 2 3 3 0 4 2 0 0 0 2 3 3 3 2 2 1 0 0 1 3 2 0 3 3 1 2 3 3 2 2 3 0 1 2 0 0 2 4 1 1 4 3 2 1 0 0 3 2 0 2 2 1 0 2 2 2 3 1 1 3 0 0 0 0 0 2 1 0 2 2 0 3 2 2 2 1 
end solution 5
end try 5
