begin try 1
best 3000777 time 18.156284
best 1000794 time 20.892804
best 549 time 27.410220
best 456 time 46.176596
best 381 time 69.039241
best 353 time 92.277278
best 344 time 117.076611
best 339 time 136.138388
best 336 time 197.220756
best 333 time 217.573613
best 320 time 224.259487
best 318 time 231.041137
best 311 time 237.447624
best 305 time 264.702962
best 291 time 271.366540
best 286 time 278.152310
best 285 time 292.090595
best 281 time 306.075172
best 269 time 313.246933
best 268 time 320.445241
best 265 time 334.794681
best 262 time 342.059301
best 260 time 349.350941
best 257 time 378.437590
best 256 time 385.661747
best 255 time 392.972249
best 254 time 429.305106
best 253 time 436.551076
best 248 time 443.848343
best 244 time 451.108068
best 243 time 458.448827
best 242 time 465.696448
best 241 time 480.226533
best 240 time 494.831802
begin solution 1
feasible: evaluation function = 240
37 30 25 30 32 15 36 1 10 6 6 34 14 36 10 33 17 4 42 9 22 43 36 25 16 36 32 37 31 27 18 18 40 41 0 7 5 23 25 23 43 18 39 13 39 11 35 6 42 11 39 36 10 40 29 41 9 14 11 43 36 13 41 7 16 19 34 40 15 33 19 15 23 29 19 26 7 29 5 27 40 21 0 20 16 24 43 10 41 5 18 30 4 20 44 19 37 3 12 34 29 20 0 9 37 41 23 30 17 17 19 24 21 38 24 12 33 3 39 23 5 31 2 40 24 16 18 15 28 5 23 1 22 42 31 8 32 33 12 23 39 34 27 30 38 12 31 16 10 14 25 41 22 34 40 6 23 39 24 23 7 29 30 37 22 14 9 0 40 14 7 38 18 14 28 42 5 28 2 7 25 0 22 11 21 7 32 24 25 29 1 27 38 19 0 37 26 27 3 2 24 29 3 32 16 34 28 29 13 11 1 9 32 15 26 42 33 1 10 24 4 28 23 41 14 4 21 20 21 34 40 43 44 30 15 25 28 37 20 2 43 14 6 1 36 38 13 9 16 10 6 28 6 42 33 29 13 39 6 35 31 25 16 13 6 13 21 38 4 40 27 21 1 2 20 44 40 31 37 4 32 41 13 15 3 27 18 19 9 34 4 25 3 37 28 16 27 30 18 28 42 0 21 1 4 4 7 9 29 11 30 38 2 43 11 12 43 3 9 9 18 31 5 36 33 5 3 42 43 41 36 22 4 24 12 31 2 0 16 0 14 0 25 10 13 38 38 42 42 11 14 5 6 13 22 33 1 8 20 19 15 31 39 27 22 18 7 3 24 20 39 12 21 33 12 31 7 19 10 41 1 20 32 11 10 20 2 34 3 15 22 34 27 26 37 36 11 32 35 43 
7 3 7 1 3 3 0 4 3 6 5 0 4 7 6 0 3 1 5 4 4 9 3 9 5 4 6 1 4 9 4 6 2 6 0 1 7 9 0 7 4 3 5 6 7 7 2 0 3 0 4 9 0 6 7 9 2 7 6 3 6 3 7 0 2 1 7 7 5 7 0 6 6 5 7 2 9 1 0 1 3 7 9 1 0 2 5 7 5 9 1 0 4 3 3 5 2 8 6 6 2 9 5 7 8 1 2 5 2 6 8 7 3 5 0 7 5 1 1 5 3 2 4 9 8 3 9 7 1 4 0 6 2 4 3 8 8 2 4 1 8 4 2 6 4 1 6 9 4 9 3 2 1 2 0 1 3 2 5 8 5 3 4 3 0 0 5 7 4 1 7 7 7 2 3 9 2 0 2 6 1 4 6 2 6 4 2 9 5 0 9 7 8 2 3 4 6 3 7 6 6 4 0 1 4 8 7 6 7 8 0 3 4 0 1 6 3 2 9 1 2 4 4 0 6 0 1 6 8 9 1 6 1 7 1 2 6 9 2 0 8 5 8 5 8 9 9 6 1 1 7 8 2 7 8 8 5 3 9 5 8 4 8 4 3 0 2 6 7 8 8 0 7 8 4 8 5 7 0 3 7 3 2 2 2 4 2 6 0 1 9 6 3 6 2 7 6 2 8 5 8 2 4 1 6 5 8 9 9 9 8 2 3 1 4 0 2 9 1 8 5 0 6 1 6 8 5 1 7 4 2 3 8 3 2 9 5 8 6 6 3 1 8 2 8 3 1 0 2 1 8 5 4 1 7 4 8 3 0 4 8 5 6 0 8 0 3 6 4 7 0 8 5 1 3 1 2 3 5 8 3 8 9 3 8 5 1 3 4 4 5 5 5 3 5 5 5 5 6 0 
end solution 1
end try 1
begin try 2
best 2000788 time 14.944608
best 595 time 19.278563
best 466 time 49.722182
best 415 time 62.686913
best 381 time 87.158003
best 377 time 108.395684
best 344 time 125.468382
best 339 time 146.075191
best 325 time 167.518073
best 315 time 201.982369
best 305 time 213.954034
best 290 time 226.869509
best 286 time 233.945303
best 281 time 255.214840
best 273 time 261.889253
best 270 time 275.858876
best 266 time 283.051005
best 262 time 290.198721
best 256 time 297.053802
best 255 time 303.930248
best 238 time 318.461072
best 237 time 333.006721
best 235 time 340.404181
best 227 time 362.351394
best 223 time 376.958889
best 220 time 384.226946
best 218 time 391.448806
best 217 time 398.743981
best 216 time 428.017220
begin solution 2
feasible: evaluation function = 216
40 36 39 0 21 24 43 12 7 7 0 25 6 16 31 33 0 15 23 12 32 20 2 11 25 5 27 29 36 38 28 32 24 28 7 12 9 34 31 43 27 16 41 21 37 25 43 15 8 27 9 1 2 3 31 41 7 18 24 15 23 40 22 16 0 25 29 24 34 5 22 20 6 15 2 35 19 13 22 40 40 29 32 24 23 16 40 10 35 14 32 34 2 5 23 9 31 27 31 16 14 13 0 43 34 19 12 4 19 34 13 11 24 27 32 28 43 3 37 12 9 38 38 25 19 37 27 31 20 18 11 15 41 19 32 5 28 42 14 22 42 40 4 14 1 15 17 42 3 24 10 37 3 30 36 9 41 15 13 31 3 6 1 14 16 2 39 38 27 34 0 20 19 11 9 19 36 15 36 7 10 41 25 39 14 10 1 37 18 14 11 30 44 27 40 21 21 3 25 42 30 39 6 30 22 20 0 7 33 14 18 43 34 3 28 10 22 17 28 1 2 43 0 25 4 18 33 12 22 42 23 3 18 33 4 43 2 11 39 42 24 15 22 23 33 38 3 12 42 4 31 22 14 41 7 19 31 1 23 8 6 5 41 24 28 38 18 6 9 30 34 29 6 40 12 23 1 36 12 29 30 39 36 6 36 29 11 18 21 27 15 2 8 33 28 36 20 40 29 38 13 38 4 33 4 5 29 16 31 4 39 35 10 4 26 20 5 1 16 21 36 10 9 6 32 44 22 33 5 34 29 0 39 10 7 43 37 37 41 28 33 32 18 20 13 23 44 41 8 9 42 7 37 41 21 21 34 3 39 25 38 14 9 13 0 24 18 2 37 23 35 37 19 21 1 11 20 13 10 16 43 12 32 27 30 2 5 13 38 25 5 29 42 1 33 30 32 21 17 10 
0 3 7 1 8 3 0 9 3 4 9 6 7 7 6 0 6 1 4 4 4 9 3 5 5 9 6 2 4 9 4 6 2 0 0 1 3 9 0 7 4 3 5 3 9 8 2 0 6 0 7 9 1 6 4 4 1 7 6 3 6 3 7 4 2 1 9 4 5 7 9 6 5 7 7 2 4 1 0 1 6 4 7 1 0 2 5 9 0 9 8 0 9 3 3 5 1 3 8 6 1 7 5 1 2 1 2 5 2 6 8 4 5 5 0 7 5 1 1 5 4 1 4 9 6 3 9 7 1 4 0 6 2 3 3 8 8 2 4 1 3 4 8 7 4 8 3 4 7 7 3 2 2 8 0 2 3 2 5 2 5 3 7 3 0 0 5 6 7 1 7 7 9 1 8 7 2 4 1 7 1 9 2 1 2 7 2 7 5 0 3 7 8 8 7 4 6 3 7 6 6 4 0 1 4 8 4 6 4 8 0 3 7 0 1 6 2 2 9 1 2 4 0 0 0 9 7 6 8 7 1 8 1 9 3 6 6 7 3 0 8 5 3 5 8 7 9 3 1 2 3 6 6 7 8 8 5 8 9 5 8 4 8 9 3 0 2 6 9 2 3 0 4 8 7 8 5 7 0 3 4 6 8 2 6 7 2 6 0 1 9 4 3 6 2 9 4 2 6 5 4 2 4 1 6 5 8 9 9 7 8 6 8 1 3 0 2 0 1 2 5 4 0 1 2 2 5 2 0 4 1 3 2 2 2 9 5 8 6 6 3 1 8 2 6 2 1 0 1 1 8 5 4 1 9 7 8 4 0 4 8 5 6 0 8 0 3 8 0 7 1 6 5 1 3 6 3 3 5 8 8 8 9 2 3 5 1 2 3 3 6 5 5 6 5 5 5 5 5 0 
end solution 2
end try 2
begin try 3
best 2000781 time 16.690628
best 562 time 22.997806
best 460 time 33.720932
best 386 time 50.831755
best 362 time 71.903848
best 337 time 93.425292
best 322 time 136.064088
best 308 time 163.283878
best 302 time 215.386519
best 287 time 221.726757
best 282 time 235.969027
best 280 time 242.770362
best 278 time 249.914312
best 272 time 256.743942
best 270 time 263.572109
best 264 time 270.377054
best 257 time 277.125372
best 250 time 283.936983
best 249 time 304.966059
best 248 time 312.195595
best 242 time 319.462761
best 237 time 326.289501
best 234 time 333.540711
best 232 time 348.079242
best 228 time 355.320227
best 226 time 362.649758
best 221 time 377.225469
best 219 time 391.793882
best 218 time 399.117118
best 217 time 406.461817
best 216 time 421.303645
best 215 time 428.591381
best 214 time 435.886578
best 213 time 450.518772
best 212 time 457.785550
begin solution 3
feasible: evaluation function = 212
38 22 4 9 5 41 13 32 10 29 29 28 12 13 34 10 20 25 1 43 10 33 34 38 11 42 28 1 11 23 29 42 3 25 22 29 9 5 40 6 18 33 30 14 11 34 10 37 42 30 21 40 22 30 15 22 42 9 21 25 33 13 27 41 41 19 43 37 35 20 18 16 28 13 4 25 16 5 27 6 32 21 25 3 19 7 19 14 32 42 30 1 21 31 30 18 11 15 18 41 3 37 24 37 25 22 33 31 13 5 7 2 0 0 15 16 10 16 2 37 29 6 24 1 36 22 23 15 37 9 41 38 14 3 43 13 14 15 2 40 27 42 4 3 34 23 44 18 43 7 14 8 0 42 6 43 6 1 12 40 41 25 15 38 31 5 22 13 4 15 37 12 27 34 29 6 3 24 17 39 21 43 12 12 24 27 8 41 16 0 23 10 1 28 3 25 26 34 31 11 9 40 38 15 36 32 18 24 25 23 16 4 0 36 19 33 40 36 34 14 20 24 16 13 32 4 41 36 20 1 31 34 23 19 39 31 19 22 38 12 7 39 37 29 28 5 28 21 32 28 7 2 7 6 10 38 15 1 7 40 44 28 29 16 19 39 43 27 39 12 0 19 0 11 10 18 20 39 39 21 36 17 40 23 32 34 27 13 9 5 38 12 35 21 24 20 0 4 43 14 19 16 32 0 17 6 41 33 26 9 6 4 18 2 30 11 18 36 44 32 21 37 7 2 15 39 23 22 40 37 36 28 0 33 2 5 23 12 40 19 11 4 30 12 1 3 10 11 16 24 43 7 20 11 42 8 27 42 31 33 9 10 39 14 42 1 9 31 29 14 41 39 38 22 30 27 36 3 33 7 5 8 4 2 20 9 38 23 31 6 36 25 43 17 34 13 3 27 32 18 
4 8 4 1 3 3 0 9 3 6 7 0 9 4 2 0 6 1 5 4 4 7 8 9 5 9 6 1 7 4 4 6 6 0 4 1 7 9 0 7 4 3 5 6 9 9 2 6 3 0 0 7 0 6 9 7 1 2 6 6 0 3 7 4 2 2 0 7 5 7 9 6 5 9 9 2 7 2 0 1 3 4 9 1 0 1 5 4 7 7 1 0 7 3 3 5 2 8 6 6 0 1 5 9 3 2 2 5 2 6 3 7 6 5 0 3 6 8 0 5 2 6 3 9 8 6 9 7 2 4 0 6 2 4 3 8 8 3 4 1 3 0 2 9 4 2 3 1 7 9 3 2 8 2 0 1 3 2 5 2 5 8 4 3 0 0 5 7 7 2 3 7 9 1 3 2 2 0 1 7 1 9 6 1 2 4 8 9 5 0 7 7 8 2 7 4 6 3 7 6 6 4 0 1 7 8 7 6 7 8 0 3 7 0 1 6 3 2 0 1 2 4 4 1 0 0 7 6 8 4 1 6 1 9 3 2 6 9 2 0 8 5 8 5 8 7 7 3 1 1 7 6 2 9 8 8 5 3 4 5 8 4 8 9 3 1 2 6 9 2 3 7 9 8 9 8 5 4 0 2 4 3 8 6 6 7 2 6 0 1 7 4 3 8 8 9 4 8 6 5 4 2 4 1 6 5 8 9 3 9 8 6 3 8 4 4 2 9 1 2 5 0 0 1 6 2 5 3 9 4 1 3 2 8 2 4 0 8 6 8 3 1 8 3 6 3 1 0 1 1 8 5 4 1 5 0 8 4 6 4 8 5 6 0 8 7 3 8 0 7 1 8 5 1 2 1 3 8 5 6 8 6 5 3 3 5 1 3 4 4 5 5 5 5 5 5 5 5 5 0 
end solution 3
end try 3
begin try 4
best 1000779 time 16.003218
best 508 time 19.448435
best 444 time 36.377079
best 391 time 59.245627
best 388 time 80.725508
best 355 time 103.837268
best 334 time 158.051622
best 328 time 236.679428
best 324 time 243.788402
best 319 time 251.049108
best 318 time 258.319867
best 316 time 272.834946
best 308 time 287.490459
best 306 time 294.825267
best 300 time 302.126615
best 298 time 309.434806
best 293 time 316.752260
best 292 time 324.064859
best 290 time 331.374638
best 287 time 346.013690
best 276 time 353.419459
best 274 time 360.337985
best 271 time 367.658089
best 270 time 382.283693
best 266 time 389.658064
best 261 time 396.996511
best 260 time 404.415596
begin solution 4
feasible: evaluation function = 260
6 26 19 10 15 28 15 36 32 3 30 15 19 16 28 1 26 14 39 11 9 22 28 24 1 40 15 13 20 13 22 34 31 6 24 11 29 33 28 4 4 6 34 43 15 37 18 37 2 11 7 42 18 42 43 16 16 6 25 33 39 19 19 13 9 22 30 43 41 41 27 24 32 13 35 38 5 1 41 4 1 1 12 18 4 3 13 10 3 12 16 3 23 1 26 20 37 9 24 18 20 12 9 0 39 25 3 6 22 22 22 36 27 4 40 8 27 12 31 2 11 4 18 39 16 24 18 21 36 32 3 0 34 39 7 16 40 3 17 30 1 10 23 27 14 7 30 13 42 25 34 0 25 13 2 20 35 14 30 44 19 20 15 4 42 27 16 33 24 9 32 5 28 19 6 14 24 7 33 25 38 34 42 29 14 37 19 36 38 38 2 29 30 19 38 5 43 42 25 21 38 31 25 31 43 42 9 41 7 23 39 29 13 12 0 7 12 32 14 17 22 27 39 23 7 29 28 29 27 15 24 12 41 1 32 1 2 34 12 37 5 23 7 23 39 3 38 36 4 2 21 18 36 0 38 29 37 10 32 25 31 34 18 23 41 9 33 16 29 14 40 0 6 11 30 41 28 28 30 21 7 37 29 32 26 35 6 19 22 23 16 38 39 28 31 31 40 21 40 21 37 41 21 20 10 11 10 20 11 39 4 30 38 28 40 24 5 9 21 43 33 43 36 15 3 13 40 36 0 0 15 2 33 11 34 4 36 20 8 5 13 27 32 20 21 25 43 34 2 42 0 43 36 34 20 5 9 1 33 23 43 40 9 16 37 12 5 6 19 33 10 33 22 37 17 6 10 14 18 11 0 11 31 23 27 3 25 27 42 18 5 10 15 35 24 14 12 7 8 30 
7 3 4 1 8 3 0 4 3 3 9 6 9 4 2 0 6 1 5 7 4 7 8 9 5 9 3 1 4 9 4 6 6 0 7 1 4 9 0 7 4 8 5 3 4 9 2 0 3 0 9 9 0 6 4 9 1 4 6 3 0 3 7 0 2 1 7 9 5 4 9 6 5 6 5 2 9 1 0 2 6 7 9 1 0 1 5 7 7 4 2 4 7 3 8 5 2 3 8 6 0 0 5 9 2 8 2 5 2 3 8 7 6 5 0 3 5 1 0 5 4 6 7 9 3 3 9 0 1 4 0 6 2 4 3 8 8 8 3 1 8 4 2 7 4 1 3 7 7 9 3 2 1 8 0 6 3 2 5 2 5 3 7 3 0 0 5 7 4 1 0 7 9 1 3 7 2 0 1 4 1 7 2 1 6 7 2 9 5 0 4 7 8 8 7 4 6 3 7 8 6 3 0 1 7 8 7 6 4 8 6 3 4 6 1 2 2 2 0 1 6 4 1 0 6 0 7 6 8 9 1 8 1 9 1 2 6 9 3 6 8 5 8 6 8 9 9 6 1 2 7 8 2 7 8 8 5 3 7 5 8 4 3 9 3 0 2 6 9 8 3 0 9 8 4 8 5 4 6 3 7 3 2 6 2 4 2 6 0 1 7 4 3 6 2 4 4 2 2 5 4 2 4 1 6 5 8 7 9 7 8 2 3 1 7 0 2 9 1 2 5 0 0 1 6 2 6 8 5 4 2 8 6 3 8 9 5 8 6 6 3 1 8 2 6 2 1 0 1 1 8 5 3 1 9 0 8 4 0 4 8 5 6 0 8 7 3 6 0 4 0 8 5 1 2 1 2 3 5 6 3 2 5 3 3 5 3 2 4 4 5 5 5 6 5 5 5 5 5 0 
end solution 4
end try 4
begin try 5
best 1000803 time 16.120537
best 584 time 22.093601
best 500 time 33.649835
best 433 time 56.888438
best 415 time 78.051393
best 369 time 103.108518
best 355 time 139.633655
best 339 time 160.934770
best 331 time 210.302506
best 323 time 222.902101
best 316 time 229.778741
best 307 time 236.998302
best 298 time 244.296479
best 292 time 258.481231
best 284 time 265.738636
best 283 time 273.002425
best 277 time 280.295732
best 276 time 287.619308
best 268 time 295.021572
best 264 time 309.796368
best 263 time 317.236501
best 257 time 332.130249
best 252 time 339.550391
best 243 time 347.068242
best 239 time 354.501957
best 237 time 362.002963
best 234 time 376.862200
best 233 time 384.330688
best 232 time 399.326220
best 230 time 406.866765
best 228 time 421.922698
best 227 time 444.360250
begin solution 5
feasible: evaluation function = 227
36 30 15 6 39 20 32 19 36 21 42 0 12 7 39 25 31 39 7 1 0 12 0 12 10 36 34 2 23 6 6 36 10 14 4 21 7 18 41 5 43 12 16 29 25 27 6 42 33 4 0 22 18 39 30 16 27 30 20 12 38 28 38 28 11 10 20 27 14 36 5 44 3 22 25 29 34 12 7 0 28 11 41 19 39 3 30 13 8 43 5 5 24 6 29 37 5 19 27 2 43 9 4 34 32 25 12 28 30 40 10 37 31 32 3 16 11 40 15 21 42 7 19 21 32 24 2 33 13 9 31 25 29 25 33 14 1 37 33 3 7 10 36 33 2 43 4 40 4 15 24 14 14 22 3 34 28 22 43 27 42 15 20 38 18 22 24 3 30 39 29 28 39 9 13 22 31 11 22 42 30 3 22 24 16 31 27 31 15 19 7 18 21 42 25 5 31 24 10 23 1 13 23 4 0 19 13 5 32 18 31 11 18 0 1 15 5 21 37 32 24 15 12 21 2 23 41 9 41 16 32 43 33 6 27 37 18 37 8 30 42 22 33 2 4 14 14 14 37 42 3 0 42 24 15 34 9 21 1 44 25 29 36 39 35 10 41 19 43 38 3 33 38 23 28 35 34 32 6 9 1 23 26 40 35 43 13 6 37 40 9 19 4 14 10 13 28 33 1 40 36 2 11 23 16 27 20 27 30 18 17 34 10 16 39 23 9 1 31 18 23 42 24 13 25 7 19 41 13 24 16 5 15 0 1 40 11 2 41 6 16 15 32 23 30 38 28 26 34 4 7 5 34 29 41 38 8 21 40 27 37 0 11 34 43 19 12 38 7 9 16 40 12 9 25 36 28 22 18 37 13 3 32 43 11 36 17 41 20 40 29 1 41 26 39 38 20 33 17 21 
0 3 7 1 3 3 0 9 8 4 9 6 9 7 8 0 3 1 5 7 7 4 3 7 5 9 3 1 7 7 4 6 6 0 4 1 6 9 0 7 3 8 5 6 9 7 2 0 6 0 9 7 1 6 7 7 1 0 6 6 0 3 7 0 2 1 0 9 5 7 9 6 5 9 5 8 9 1 0 1 6 7 4 1 0 8 5 0 0 9 1 0 9 3 3 5 2 3 6 6 0 9 5 7 3 1 2 5 2 3 3 4 5 5 0 4 5 6 0 5 3 1 2 9 6 6 4 7 1 4 0 6 2 4 3 8 8 3 4 1 3 4 2 9 3 1 6 7 7 9 8 2 1 3 6 6 8 2 5 8 5 3 2 3 0 0 5 7 4 2 0 7 9 8 3 4 2 0 1 7 1 9 6 1 2 4 2 7 5 0 9 7 8 2 7 4 8 3 7 6 3 4 0 2 4 8 7 6 4 8 6 3 3 0 1 2 8 2 7 2 2 4 0 0 0 9 9 6 8 9 1 6 1 9 3 2 6 9 2 6 8 5 8 5 8 4 7 3 1 1 4 8 6 7 8 8 5 3 9 5 8 4 3 7 3 0 2 6 7 8 3 0 4 8 9 8 5 7 0 3 4 3 2 2 2 4 2 6 0 1 7 4 3 6 2 9 4 2 6 5 4 2 4 1 6 5 8 0 9 4 8 2 8 8 4 4 2 0 1 2 5 4 0 6 2 2 5 1 5 4 1 3 6 2 2 9 1 8 6 8 3 1 8 2 8 2 1 0 1 1 8 5 4 1 7 9 8 7 0 4 8 5 6 0 8 7 3 6 4 0 0 8 5 1 3 1 2 8 5 6 8 2 9 2 8 5 1 3 4 4 5 5 5 3 5 5 5 5 5 6 
end solution 5
end try 5
begin try 6
best 2000800 time 15.534174
best 1000771 time 18.604944
best 542 time 29.780052
best 418 time 50.193745
best 399 time 65.012512
best 369 time 88.228897
best 350 time 117.195736
best 336 time 140.512210
best 327 time 179.553888
best 318 time 186.367631
best 314 time 193.544419
best 312 time 207.483611
best 311 time 214.379345
best 310 time 221.586874
best 294 time 235.598064
best 293 time 242.758833
best 272 time 250.028380
best 264 time 271.774666
best 261 time 286.339466
best 253 time 300.929326
best 243 time 308.334568
best 238 time 315.669271
best 232 time 323.028399
best 230 time 337.757067
best 227 time 359.789822
best 225 time 367.127939
best 222 time 374.483122
best 220 time 381.926690
best 218 time 389.322886
best 210 time 396.571795
best 208 time 403.991315
best 207 time 411.360054
best 206 time 418.707188
best 205 time 426.057757
best 204 time 433.461801
best 203 time 440.907259
best 202 time 448.257999
best 201 time 463.062783
begin solution 6
feasible: evaluation function = 201
3 7 0 38 11 37 16 11 1 27 12 7 31 39 1 41 7 13 6 19 16 5 18 4 11 36 41 0 30 14 16 1 27 28 20 28 23 16 3 42 30 1 13 11 43 11 39 11 38 41 23 6 39 4 37 13 42 34 42 30 32 21 15 23 12 27 4 15 31 1 15 20 29 27 2 35 37 38 10 12 41 1 6 10 25 4 41 28 4 31 36 2 19 44 39 7 23 5 30 39 33 7 24 21 40 9 36 6 34 36 27 16 15 3 24 37 33 22 2 43 33 14 39 27 33 34 33 13 3 24 27 0 0 5 41 26 4 4 32 42 2 12 6 9 40 24 3 36 40 18 5 23 16 36 42 40 34 3 18 7 10 38 18 28 39 0 14 34 35 19 0 22 4 21 7 13 37 25 44 19 5 9 15 43 33 38 8 4 5 12 24 12 25 14 43 42 21 0 0 32 31 41 34 37 9 6 19 9 14 13 14 24 3 5 2 25 22 24 3 18 41 37 20 19 17 10 7 16 21 18 34 25 32 10 30 22 43 30 14 21 11 30 15 32 40 22 10 6 15 44 21 3 32 0 31 10 38 12 11 17 27 28 20 20 22 38 12 2 14 26 13 33 13 34 1 18 28 27 10 33 22 19 10 24 37 29 2 15 23 35 43 34 32 23 27 2 6 31 33 37 13 21 36 6 29 1 30 31 9 40 2 43 29 7 38 30 39 25 33 29 2 29 18 15 35 16 29 18 41 40 31 5 43 23 42 42 19 28 19 14 9 9 24 43 31 36 6 19 29 20 9 9 21 30 1 26 16 7 43 29 20 39 22 40 23 24 42 28 36 20 25 12 25 11 4 1 25 32 42 18 10 14 29 38 3 16 40 13 31 11 23 22 5 20 0 12 36 34 35 28 
7 3 4 1 3 3 0 2 8 4 9 0 7 4 2 0 6 1 0 7 4 7 3 5 5 9 8 1 7 4 3 6 6 2 4 1 7 9 0 7 4 3 5 6 7 7 2 0 3 1 9 7 1 6 4 7 1 7 6 3 0 3 7 4 2 1 0 4 5 4 0 6 5 5 9 2 9 2 0 1 6 0 9 1 0 1 5 7 9 9 1 4 9 3 3 5 1 8 6 6 0 7 5 9 2 2 2 5 2 6 3 7 5 5 0 7 5 1 0 5 4 1 7 9 6 6 9 0 1 4 0 8 2 4 3 8 8 3 4 8 3 7 2 0 4 1 3 7 7 4 3 2 1 3 0 6 3 2 5 2 5 8 7 3 0 6 5 9 3 2 0 4 4 1 8 9 2 4 1 4 1 4 2 1 2 7 2 7 6 0 9 4 8 8 4 4 6 3 7 6 6 4 0 1 7 8 3 6 7 8 0 3 4 0 1 2 8 2 9 1 2 8 2 1 0 4 9 6 8 9 1 6 1 7 2 2 6 9 3 0 8 5 3 5 8 9 9 6 8 2 7 6 2 9 8 8 5 3 9 5 8 4 3 7 3 0 8 6 9 2 3 7 6 8 7 8 5 7 6 3 7 8 2 6 6 7 2 6 0 1 9 4 3 6 2 7 4 2 8 5 4 2 4 1 6 5 8 0 9 9 8 2 3 1 4 0 8 7 1 2 5 0 0 1 6 2 8 2 7 3 1 2 8 3 2 9 5 8 6 2 3 1 8 3 3 8 3 0 1 1 8 5 4 1 9 0 8 4 0 4 8 5 6 0 8 7 3 6 0 0 1 6 5 1 2 1 3 8 5 6 3 6 9 6 8 5 1 2 4 4 5 5 5 5 5 5 5 5 5 0 
end solution 6
end try 6
begin try 7
best 3000757 time 17.234550
best 1000759 time 20.594892
best 561 time 25.113424
best 445 time 52.159758
best 403 time 79.079985
best 374 time 102.357401
best 351 time 123.463798
best 334 time 150.999513
best 332 time 211.695976
best 328 time 225.540463
best 316 time 232.721156
best 309 time 239.296133
best 299 time 246.125173
best 295 time 260.476083
best 293 time 274.308572
best 288 time 281.512281
best 285 time 295.855351
best 280 time 303.045482
best 278 time 324.790103
best 273 time 332.050868
best 270 time 339.359120
best 267 time 346.694539
best 265 time 354.022001
best 264 time 361.375805
best 263 time 368.735458
best 261 time 376.073254
best 259 time 390.901648
best 257 time 420.391595
begin solution 7
feasible: evaluation function = 257
13 10 22 25 32 33 44 31 37 25 42 23 33 34 38 9 28 3 19 3 28 24 40 40 38 34 9 16 23 42 29 18 8 39 18 6 40 3 12 12 28 31 27 5 38 32 33 0 19 13 10 37 32 23 23 40 14 32 21 1 33 30 10 36 19 12 13 14 43 21 13 36 9 30 30 41 31 18 4 36 39 15 27 41 13 0 41 25 4 10 29 43 24 17 31 31 39 5 29 33 28 2 4 43 18 24 35 3 33 26 16 30 39 13 18 16 37 22 31 22 40 23 33 6 0 39 7 5 21 6 38 20 12 19 3 2 42 27 16 11 15 19 21 36 1 20 41 2 39 41 28 39 43 35 42 2 12 3 1 6 36 0 27 36 20 25 29 36 20 5 25 38 33 1 0 0 4 37 13 4 20 3 34 23 8 5 15 39 32 42 7 15 27 29 22 14 6 19 37 25 1 0 44 17 2 20 11 4 29 34 24 1 41 3 1 5 4 5 0 15 24 12 27 44 2 22 20 13 43 11 29 6 30 1 40 9 37 9 13 12 23 42 36 2 22 31 20 10 7 34 6 3 2 22 10 9 5 21 18 35 26 9 32 36 14 21 32 31 1 0 34 34 16 18 34 38 11 23 43 12 41 11 30 42 41 7 31 28 16 10 15 14 13 40 7 42 42 16 35 23 43 24 4 42 25 18 30 1 5 9 11 32 27 31 19 18 43 28 4 37 10 25 14 22 28 29 30 38 29 27 40 11 7 15 25 24 15 39 41 11 2 9 14 34 7 38 27 37 37 19 3 15 30 37 11 8 19 10 7 2 7 16 40 5 21 24 24 16 29 43 40 14 34 22 38 33 6 16 7 4 18 43 30 22 9 12 28 23 21 36 15 6 10 44 14 28 19 0 17 27 
7 3 4 1 3 3 0 7 3 3 9 0 5 7 6 0 3 1 9 4 7 9 3 5 5 9 6 1 7 4 4 6 2 0 9 1 7 7 0 7 4 3 5 3 4 4 2 0 6 1 0 9 0 6 9 9 1 1 6 3 0 3 4 0 2 1 9 7 5 7 4 6 5 0 7 2 4 1 0 1 6 7 9 1 0 1 5 9 9 9 1 3 4 3 8 5 1 8 6 6 0 7 5 9 2 1 2 5 8 3 8 6 5 5 0 7 5 6 0 5 4 1 4 4 6 3 7 7 1 0 0 6 2 4 3 8 8 2 4 1 8 0 2 9 4 2 3 9 4 9 8 2 1 3 6 1 3 2 5 2 5 8 7 3 0 0 5 2 3 1 7 7 7 2 3 9 2 4 8 7 1 9 6 2 6 4 2 7 5 0 9 4 8 2 7 2 8 3 7 6 6 4 6 1 6 8 7 6 7 8 0 8 7 0 1 6 3 2 7 1 2 4 4 1 0 0 4 6 8 0 3 6 1 9 1 2 6 7 2 6 8 5 8 5 8 9 5 6 1 1 7 6 2 9 8 8 5 3 7 5 8 4 8 7 3 0 2 6 7 2 3 0 9 8 4 8 5 4 0 8 4 6 2 2 6 4 2 6 0 1 9 4 3 8 2 7 3 2 6 5 4 8 4 1 8 5 8 0 9 9 8 6 3 1 7 4 2 9 1 8 5 4 0 1 2 8 5 1 9 6 2 3 6 3 2 6 0 8 8 2 3 1 8 2 3 3 1 0 2 1 8 5 4 1 4 0 8 7 0 4 8 5 6 0 8 7 3 6 0 7 0 6 5 2 2 1 3 3 5 8 3 6 9 3 3 5 1 3 4 4 6 5 2 3 5 5 5 5 5 0 
end solution 7
end try 7
begin try 8
best 3000779 time 15.195999
best 534 time 19.661075
best 470 time 39.028161
best 445 time 56.304707
best 414 time 71.716197
best 375 time 89.148952
best 359 time 99.092404
best 358 time 166.560509
best 354 time 178.679673
best 352 time 185.806342
best 343 time 199.461835
best 337 time 205.619005
best 331 time 212.346435
best 329 time 232.650307
best 326 time 238.596911
best 319 time 252.622138
best 317 time 259.666774
best 312 time 273.496715
best 307 time 307.038865
best 299 time 313.259772
best 293 time 320.334735
best 292 time 334.459086
best 286 time 341.510336
best 283 time 348.614513
best 274 time 355.800783
best 271 time 370.180011
best 269 time 384.549524
best 268 time 398.793086
best 267 time 405.949618
best 266 time 413.132717
best 265 time 434.627078
best 264 time 441.789220
begin solution 8
feasible: evaluation function = 264
42 11 18 24 5 38 15 25 38 26 15 4 24 6 29 2 30 6 29 34 43 13 17 41 2 28 9 1 43 10 24 10 36 33 30 3 23 9 3 20 22 13 41 14 30 10 37 7 15 25 22 7 31 7 40 34 28 18 39 43 9 2 30 10 28 15 21 16 0 16 14 35 31 7 38 26 36 36 32 23 37 11 4 39 10 13 29 27 17 20 7 40 7 34 11 27 37 40 0 4 39 33 22 20 6 0 32 40 34 31 20 36 30 3 13 41 33 18 22 14 25 40 25 43 12 29 1 13 33 1 28 33 18 9 16 39 21 40 0 5 41 33 25 39 31 24 44 29 7 3 2 23 2 20 34 2 4 9 23 30 1 28 15 39 31 11 18 4 36 41 21 14 0 14 19 40 32 38 26 5 29 24 42 11 23 42 20 18 11 23 23 27 42 2 28 3 13 18 21 3 31 33 39 17 9 4 43 0 16 31 27 3 10 6 0 36 5 40 12 6 16 18 43 1 15 16 6 3 12 37 34 18 5 1 42 27 19 37 26 12 30 6 30 25 24 0 32 11 32 19 32 25 34 19 36 7 37 42 32 8 22 21 8 38 35 24 13 22 14 26 25 14 5 34 1 16 10 6 5 12 22 41 14 5 19 9 27 40 13 12 39 1 29 19 33 19 14 15 11 12 37 7 1 41 9 39 43 0 11 13 37 20 10 28 19 43 3 41 20 14 43 2 16 30 32 38 28 10 31 5 28 21 27 23 4 22 4 35 6 16 21 21 41 17 23 44 10 35 43 25 6 21 11 29 15 9 18 31 19 32 33 21 44 24 15 27 33 42 36 38 41 38 5 12 24 27 0 22 19 37 36 1 40 32 27 36 9 22 25 7 13 4 15 24 20 38 34 16 44 42 
4 3 7 1 3 8 0 9 3 4 9 0 9 7 6 0 6 2 4 4 7 7 3 7 5 4 8 1 6 9 4 6 2 0 0 1 7 9 0 7 4 3 5 6 4 7 2 0 3 0 0 9 1 6 7 7 1 0 6 3 0 3 7 0 2 1 9 9 5 7 7 6 5 5 7 8 9 1 0 1 3 7 7 1 8 1 5 7 0 4 1 0 4 3 8 5 1 3 8 6 2 7 5 0 3 2 2 5 2 3 3 7 5 5 0 4 5 1 1 5 4 1 7 9 6 3 9 9 1 3 0 6 2 4 3 8 8 2 4 1 3 9 2 4 4 2 3 0 7 7 8 2 1 8 0 6 3 2 5 2 5 3 4 3 0 0 5 4 4 1 0 4 9 1 3 4 8 0 1 7 2 7 2 1 6 7 2 9 5 0 4 4 8 2 7 4 6 3 7 8 6 4 0 1 7 8 4 6 4 8 0 3 4 0 1 6 2 8 4 1 2 4 2 0 6 1 9 6 8 0 1 6 8 6 1 6 6 7 3 0 8 5 3 5 8 7 5 6 1 1 7 6 6 7 8 8 5 3 9 5 8 4 3 9 3 6 2 6 9 2 8 0 9 8 7 8 5 4 0 3 7 6 2 6 2 3 2 6 8 2 7 4 8 8 2 9 3 2 2 5 4 2 8 2 6 5 8 0 9 4 8 6 3 8 4 0 2 9 1 8 5 4 0 1 6 2 5 2 9 4 6 2 8 3 2 9 1 8 6 6 3 1 8 2 8 2 1 0 1 1 8 6 4 1 7 5 8 7 0 4 8 5 6 0 8 9 3 6 0 4 0 6 5 1 3 1 3 3 5 6 3 2 9 3 3 5 1 2 3 3 5 5 5 5 5 5 5 5 5 0 
end solution 8
end try 8
begin try 9
best 3000793 time 16.362582
best 2000799 time 19.599237
best 1000802 time 22.168624
best 542 time 26.358607
best 451 time 47.456745
best 403 time 66.742795
best 361 time 92.245561
best 352 time 113.863337
best 346 time 137.056129
best 342 time 162.002066
best 336 time 200.464990
best 335 time 207.658182
best 330 time 228.736872
best 320 time 235.864990
best 305 time 257.247783
best 300 time 264.348138
best 279 time 271.259456
best 278 time 278.511406
best 274 time 293.022060
best 273 time 300.306744
best 268 time 307.608204
best 265 time 314.938373
best 261 time 329.495823
best 258 time 344.074082
best 252 time 351.437024
best 251 time 358.799871
best 249 time 366.124113
best 247 time 373.378432
best 245 time 380.778353
best 244 time 388.158656
best 241 time 395.480179
best 240 time 410.273111
best 239 time 439.716438
best 238 time 447.120962
begin solution 9
feasible: evaluation function = 238
30 29 5 42 11 16 21 24 41 14 29 23 37 24 24 9 37 0 33 33 38 27 24 27 22 42 38 6 13 7 27 24 22 29 16 13 21 33 20 30 37 19 28 21 5 12 26 19 21 13 28 19 18 23 18 9 41 25 25 38 14 31 3 2 19 7 39 4 42 24 39 31 13 38 17 40 27 14 34 34 28 36 34 20 7 39 7 4 33 6 3 9 12 15 10 30 1 9 10 11 37 5 12 36 18 20 30 19 27 27 28 0 6 4 28 18 14 21 32 3 5 34 30 31 0 30 14 15 7 29 35 41 41 39 12 34 33 9 20 39 17 40 38 21 22 2 40 2 0 14 35 29 21 6 35 27 30 19 31 37 9 3 12 34 24 39 36 22 37 37 6 25 41 4 25 23 6 28 12 1 2 43 22 16 39 38 41 0 16 42 7 34 44 3 42 34 5 43 22 12 43 18 25 33 32 10 41 29 9 39 31 22 40 5 19 15 36 15 25 28 4 13 31 31 0 4 2 15 14 6 36 40 3 7 38 10 1 3 5 11 21 20 14 33 42 9 5 0 43 17 14 42 33 3 37 27 18 25 32 32 7 14 13 31 30 1 0 18 1 17 9 16 43 13 10 16 27 23 40 11 32 20 1 28 16 36 13 31 3 40 5 37 32 23 35 7 36 4 18 34 23 24 16 15 19 39 40 42 6 19 36 27 22 23 11 16 23 38 11 18 38 21 3 7 2 0 24 25 22 28 10 36 32 42 34 23 31 17 20 13 1 24 43 25 33 16 9 2 2 5 12 10 10 2 15 29 4 15 11 19 32 40 33 43 8 10 38 44 30 39 29 29 11 18 12 30 42 1 1 32 6 6 28 36 4 23 20 43 43 1 15 0 2 44 43 21 25 22 35 10 
7 3 4 1 3 3 0 9 3 6 5 0 5 4 8 0 6 1 0 4 7 0 3 7 1 9 6 1 7 4 4 6 2 0 9 1 7 9 0 9 3 3 5 3 7 9 2 0 6 0 9 7 0 6 9 7 1 4 6 3 0 3 4 4 2 2 7 4 5 7 9 6 5 9 4 2 9 1 0 1 8 0 9 3 0 2 5 7 7 9 1 6 4 3 3 5 1 8 6 6 0 3 5 9 3 2 2 5 2 3 3 4 5 5 6 7 5 1 0 5 6 6 4 9 3 6 2 0 3 4 6 6 2 3 3 8 8 2 4 1 3 7 2 9 4 8 3 9 7 9 3 2 2 8 0 1 8 8 5 2 5 3 7 3 0 0 5 9 7 1 0 7 4 1 3 9 2 0 1 7 2 9 6 1 6 4 8 9 5 0 9 7 8 2 4 4 8 3 7 6 6 4 0 1 4 8 7 6 4 8 0 3 4 0 1 8 3 2 9 1 6 4 4 1 0 0 7 6 8 4 1 6 8 6 1 2 6 7 2 8 8 5 3 5 8 9 5 6 1 1 7 6 2 9 8 8 5 8 9 5 8 4 3 7 3 0 2 8 9 2 3 7 7 8 9 8 5 3 0 2 7 8 2 2 6 7 2 8 6 1 9 4 3 8 2 7 4 2 6 5 4 2 4 1 6 5 8 7 7 9 8 6 8 1 4 0 2 0 1 2 5 4 0 1 6 8 5 1 0 4 1 2 2 2 2 7 2 8 6 6 3 1 8 2 3 2 1 0 1 1 8 5 4 3 7 7 8 4 0 4 8 5 6 0 8 7 8 6 0 4 1 8 5 1 2 1 3 8 5 6 3 6 7 6 3 5 1 2 4 4 5 5 5 3 5 5 5 5 5 0 
end solution 9
end try 9
begin try 10
best 3000760 time 15.886257
best 1000765 time 18.965126
best 555 time 23.648361
best 448 time 40.507539
best 393 time 57.730158
best 368 time 72.848919
best 354 time 90.119456
best 351 time 144.487605
best 343 time 188.842549
best 327 time 194.942629
best 323 time 215.308154
best 322 time 221.966404
best 302 time 234.097194
best 291 time 262.013261
best 284 time 269.202652
best 280 time 283.481561
best 276 time 297.701717
best 274 time 304.974251
best 273 time 312.225212
best 270 time 319.422412
best 261 time 333.826500
best 251 time 348.174917
best 246 time 362.536681
best 244 time 376.954682
best 237 time 384.141550
best 236 time 391.427822
best 234 time 413.218704
best 233 time 442.208162
best 232 time 463.963768
begin solution 10
feasible: evaluation function = 232
27 35 21 38 16 5 26 36 19 43 29 15 40 13 29 37 5 13 18 25 11 27 31 16 18 41 4 13 40 23 31 25 40 1 15 43 24 42 41 33 6 22 41 7 1 34 39 4 6 3 6 9 28 16 2 13 15 24 11 33 16 42 0 22 28 35 4 23 28 15 11 34 24 22 38 23 11 16 38 34 4 42 15 32 9 37 14 6 29 6 28 37 19 37 29 42 0 3 40 34 25 1 6 7 32 39 8 30 44 23 28 39 22 3 36 34 39 24 32 38 31 42 3 31 17 0 41 18 3 30 18 2 7 27 2 38 7 29 16 27 38 14 21 44 13 36 10 42 37 10 7 0 30 22 23 3 10 31 4 24 32 6 1 14 22 30 1 10 34 12 21 0 41 33 9 32 6 31 39 19 7 19 14 12 43 38 20 25 26 0 13 22 36 41 16 11 43 12 27 28 9 25 14 20 32 26 18 39 29 40 25 25 43 31 14 36 21 19 30 9 24 2 39 18 12 20 12 33 4 9 21 36 31 31 30 27 42 10 30 33 23 36 43 0 20 29 28 9 2 41 2 19 1 12 33 0 2 32 7 11 11 12 40 21 1 15 13 30 10 35 13 11 14 25 42 10 31 10 20 33 5 18 14 21 34 5 22 38 2 1 36 7 32 28 42 39 28 16 41 19 8 25 22 19 12 25 42 33 0 43 17 4 15 23 28 34 37 16 38 12 20 40 13 23 11 15 13 27 10 36 6 27 15 9 3 29 27 37 32 1 39 4 5 20 16 3 29 7 40 10 30 33 0 1 37 4 19 24 20 43 24 7 6 5 14 5 24 35 9 39 37 18 9 35 34 22 41 11 41 2 18 2 3 21 36 21 5 27 3 18 37 12 43 34 5 40 23 15 44 19 
0 3 4 2 8 3 0 9 3 3 5 0 4 6 6 6 6 1 5 7 7 9 8 5 1 4 6 8 7 4 3 6 2 0 9 1 7 4 0 4 4 3 3 6 9 9 2 0 8 0 0 7 0 6 9 7 1 0 6 3 0 3 6 4 2 8 4 7 5 4 0 6 5 9 4 2 9 1 0 1 3 7 7 1 0 1 5 7 7 9 1 4 9 3 8 5 1 8 6 8 1 4 5 7 2 1 2 5 2 3 3 4 5 5 0 4 5 1 0 5 4 1 7 9 3 3 7 9 1 4 0 6 2 4 3 8 8 2 4 1 3 4 2 0 4 1 6 0 7 7 3 2 1 8 0 6 3 2 5 2 5 3 7 3 0 0 5 2 7 1 0 7 9 1 3 4 2 0 8 7 1 4 6 8 2 7 2 9 5 0 9 7 8 2 7 4 6 3 7 6 6 4 0 1 7 8 7 6 3 8 0 3 7 6 1 2 8 2 7 1 6 4 0 2 0 4 7 6 8 9 1 6 1 7 3 6 6 0 2 0 8 5 8 5 8 4 9 8 1 1 7 6 6 9 8 8 5 8 9 5 8 4 3 7 3 8 2 6 9 2 3 1 7 8 9 8 5 4 6 2 7 3 2 6 2 4 2 6 0 2 7 4 3 8 2 9 4 2 6 5 3 2 6 1 6 5 8 7 9 9 8 2 3 1 7 0 2 9 1 2 5 0 0 6 2 2 5 3 5 4 1 2 6 2 2 0 5 8 6 8 3 1 8 3 3 3 1 0 1 1 8 5 4 1 9 7 8 4 0 4 8 5 6 0 8 9 3 6 4 7 0 6 5 1 3 1 8 3 5 8 8 2 9 3 3 5 1 8 4 4 5 5 5 5 5 5 5 5 5 0 
end solution 10
end try 10
begin try 11
best 2000767 time 15.829838
best 1000752 time 17.558144
best 696 time 35.239036
best 622 time 42.158951
best 578 time 48.202344
best 547 time 53.781242
best 516 time 59.386088
best 502 time 64.996806
best 476 time 71.606767
best 460 time 78.532809
best 433 time 90.786007
best 426 time 96.802921
best 419 time 108.379301
best 404 time 114.420898
best 401 time 120.882022
best 391 time 134.365026
best 386 time 140.834517
best 380 time 147.989608
best 379 time 154.337149
best 364 time 161.137599
best 353 time 182.161705
best 350 time 196.087406
best 348 time 210.338782
best 342 time 217.104725
best 333 time 224.346956
best 330 time 230.691607
best 323 time 237.451589
best 320 time 250.386612
best 317 time 257.190339
best 310 time 263.973522
best 309 time 278.487389
best 308 time 285.707239
best 304 time 292.936939
best 302 time 300.191788
best 293 time 307.472841
best 292 time 322.045593
best 289 time 336.626466
best 287 time 343.959726
best 283 time 351.293485
best 281 time 358.596856
best 280 time 373.268073
best 279 time 380.583948
best 275 time 387.860356
best 274 time 395.128087
best 273 time 409.706774
best 271 time 424.352658
best 270 time 438.619880
best 269 time 453.281326
best 268 time 460.565719
best 267 time 467.894768
best 266 time 497.147100
best 265 time 504.400024
begin solution 11
feasible: evaluation function = 265
41 17 31 40 7 25 27 42 42 42 6 29 14 24 38 11 40 5 23 27 27 18 31 6 41 33 9 8 21 16 2 33 1 30 32 28 25 7 30 29 14 32 23 18 3 34 33 36 41 11 15 43 38 29 34 38 7 32 0 39 15 38 13 7 19 3 25 39 32 36 22 21 34 37 11 26 0 41 28 28 7 2 28 36 3 37 25 42 17 4 2 37 38 41 35 7 30 18 27 21 12 20 19 43 5 19 32 21 12 5 35 32 39 27 19 12 9 41 9 13 18 24 7 42 3 37 24 30 38 0 0 34 31 1 20 29 30 42 29 0 39 36 4 9 5 39 23 41 24 16 29 18 33 20 28 31 15 24 40 7 1 16 3 36 37 32 5 28 5 31 30 33 4 16 43 5 11 24 42 15 34 27 13 6 37 32 22 19 33 16 25 16 13 8 43 0 17 10 18 38 2 12 37 25 6 33 10 6 39 38 1 12 22 4 36 30 2 12 40 4 22 40 41 13 28 37 4 1 42 33 22 11 20 1 9 29 43 21 4 12 0 36 3 22 6 19 11 43 1 40 43 5 22 13 16 15 24 3 15 20 2 20 19 23 14 18 34 11 10 8 13 24 36 37 38 17 38 9 4 30 29 12 16 21 41 25 18 35 13 27 9 1 11 42 3 7 34 20 25 18 34 31 10 23 10 30 4 28 18 11 26 6 28 32 30 14 15 12 2 40 6 39 10 21 14 10 27 10 31 39 29 43 16 26 23 20 2 19 36 15 8 27 34 6 14 9 39 23 14 43 24 20 15 23 2 1 32 25 22 23 9 10 24 34 7 0 33 27 13 41 19 23 42 36 10 13 21 0 4 14 5 1 22 40 39 37 25 22 9 31 2 16 28 31 0 3 12 43 35 21 
7 3 7 2 3 3 0 9 3 4 9 0 5 3 2 0 3 1 7 4 7 0 3 7 5 7 6 1 7 9 4 6 2 0 9 1 6 9 6 9 4 3 5 6 4 7 2 0 3 1 1 9 0 6 9 9 1 7 6 6 0 3 7 0 2 1 0 9 5 4 4 6 5 9 5 2 9 1 0 2 6 7 7 8 0 1 5 0 0 7 2 4 4 8 8 5 1 3 6 8 1 0 5 0 2 1 2 5 8 3 3 6 5 5 6 7 5 6 0 5 4 1 4 7 6 3 9 9 1 4 0 6 2 3 3 8 8 2 4 1 3 7 2 9 4 2 3 9 4 7 3 2 1 8 6 6 3 2 5 2 5 3 7 3 0 0 5 9 7 1 7 4 9 1 3 9 2 0 1 7 1 9 2 1 2 4 2 7 5 0 9 4 8 2 4 2 6 3 7 6 6 4 6 1 4 8 7 6 7 8 0 3 7 0 1 2 3 2 0 1 6 4 4 0 8 7 4 6 8 0 1 6 1 7 1 2 6 4 3 0 8 5 3 5 8 4 4 8 1 1 7 6 8 9 8 8 5 8 9 6 8 4 3 9 8 1 2 8 9 8 3 7 9 8 7 8 5 4 6 3 7 6 2 2 2 4 8 6 6 2 7 4 3 6 2 7 3 2 8 5 4 8 4 2 6 5 8 4 9 7 8 2 3 1 4 0 2 9 1 8 5 0 0 1 2 8 3 1 0 4 1 2 6 3 8 7 0 8 6 6 3 1 8 3 3 2 1 0 1 1 8 5 4 1 9 9 8 7 0 4 8 5 6 0 8 7 3 8 4 0 0 6 5 2 2 1 3 3 5 6 8 8 9 6 8 5 2 3 3 4 5 5 5 5 5 5 5 5 5 0 
end solution 11
end try 11
begin try 12
best 2000699 time 16.314502
best 529 time 21.321491
best 444 time 50.389500
best 399 time 73.617957
best 364 time 90.959482
best 361 time 116.294775
best 327 time 137.569490
best 299 time 175.050341
best 297 time 215.701949
best 292 time 246.531450
best 290 time 252.396646
best 282 time 259.565557
best 274 time 266.754107
best 266 time 273.952406
best 261 time 281.167865
best 259 time 295.699078
best 254 time 310.193713
best 252 time 317.088499
best 245 time 324.343860
best 241 time 331.690342
best 240 time 338.999908
best 237 time 346.288383
best 235 time 360.940186
best 233 time 368.224314
best 232 time 500.363425
begin solution 12
feasible: evaluation function = 232
6 11 25 28 0 7 14 31 43 38 14 42 19 5 34 32 15 16 31 30 21 40 23 29 32 32 0 16 1 20 22 32 18 3 15 38 7 33 43 28 4 21 10 25 29 24 9 10 15 24 27 41 6 35 11 4 3 0 36 22 25 14 41 18 19 8 39 39 21 31 29 14 42 33 8 17 33 35 7 32 3 30 31 11 43 15 13 38 44 12 25 21 43 42 41 31 1 28 14 41 22 42 34 9 16 34 27 20 18 1 6 16 15 22 36 15 37 18 40 41 23 5 36 13 24 2 25 19 20 25 15 28 13 39 18 31 4 29 40 37 32 10 11 18 9 10 5 30 2 24 36 41 39 10 3 42 36 11 23 37 2 27 27 6 19 6 16 3 9 8 3 34 43 21 44 1 43 23 33 22 40 42 5 24 12 16 4 2 36 28 16 6 38 32 32 28 15 24 40 37 19 20 2 29 20 30 0 32 14 39 22 40 10 27 31 24 1 2 43 19 36 27 15 0 27 41 30 22 13 10 14 43 30 36 2 40 23 16 6 37 1 4 37 28 5 23 24 40 41 27 43 38 35 0 9 7 7 10 28 26 28 3 13 1 25 2 22 20 34 44 39 25 18 23 18 25 43 4 11 24 12 42 29 30 9 34 20 8 34 23 36 14 5 29 15 19 29 0 37 12 7 20 7 13 26 0 44 2 37 7 42 39 12 4 9 1 30 33 21 33 19 32 5 38 28 42 4 6 9 37 11 33 39 38 3 23 33 12 17 29 2 34 33 34 21 40 26 7 7 23 3 3 31 14 21 41 18 37 31 16 19 6 4 38 16 12 27 34 21 0 39 31 9 20 41 9 30 1 27 10 0 33 24 10 22 25 36 12 5 12 29 30 39 44 21 18 14 13 35 13 
7 3 7 1 3 3 0 2 3 4 9 0 7 7 2 0 3 1 9 7 7 9 3 7 5 9 6 2 4 9 4 6 6 0 9 3 7 4 0 7 4 3 5 6 9 4 2 0 6 0 9 7 6 6 4 9 1 4 6 3 0 3 4 0 2 2 7 9 5 4 0 6 5 7 3 2 9 1 6 1 3 0 7 1 6 1 5 7 0 9 2 4 7 3 8 5 1 3 8 6 1 7 5 0 3 8 2 5 2 6 8 6 5 5 0 7 5 1 0 5 4 1 4 4 3 3 9 6 3 4 0 6 2 4 3 8 8 3 4 1 3 4 8 4 3 1 6 9 4 7 8 2 1 8 6 1 3 2 5 2 5 8 7 3 0 0 5 9 4 1 7 7 9 2 3 7 2 0 1 7 1 4 2 1 6 7 2 7 5 0 9 4 8 2 7 4 8 8 7 8 3 4 0 1 7 8 7 8 7 8 0 8 7 0 1 6 2 2 1 1 2 4 4 1 6 0 4 6 8 9 2 8 1 7 1 2 6 0 2 0 8 5 3 5 8 7 9 6 1 1 4 6 2 9 8 8 5 3 9 5 8 4 3 9 3 6 2 6 9 2 3 1 9 8 7 8 5 7 0 2 7 6 8 6 6 4 2 6 0 2 9 4 3 6 2 4 4 2 6 5 2 8 4 1 6 5 8 9 9 9 8 2 3 1 7 0 2 0 1 2 5 4 0 1 2 2 3 1 9 4 6 3 6 2 2 9 5 8 6 2 8 1 8 3 6 3 1 0 1 1 8 5 3 1 9 9 8 7 0 4 8 5 6 0 8 0 3 6 0 0 0 6 5 1 3 1 3 3 5 6 8 6 5 2 8 5 1 2 4 4 5 5 5 5 8 5 5 6 5 0 
end solution 12
end try 12
begin try 13
best 4000823 time 16.948804
best 3000823 time 21.678680
best 2000835 time 24.950070
best 1000814 time 28.278200
best 724 time 41.017933
best 659 time 46.868035
best 625 time 53.084059
best 582 time 59.368245
best 571 time 65.119724
best 518 time 71.098566
best 517 time 82.121835
best 505 time 88.081455
best 501 time 93.909533
best 487 time 106.899909
best 478 time 113.243476
best 465 time 119.551226
best 437 time 124.335450
best 434 time 131.460349
best 424 time 140.921838
best 418 time 146.084504
best 410 time 158.170935
best 405 time 170.726576
best 384 time 176.907329
best 379 time 183.634795
best 374 time 196.443511
best 366 time 203.174379
best 359 time 216.886557
best 349 time 224.067072
best 346 time 237.569745
best 340 time 244.651650
best 333 time 251.515163
best 330 time 258.726304
best 324 time 280.232422
best 313 time 287.395419
best 309 time 294.657302
best 304 time 301.920821
best 303 time 309.130315
best 299 time 316.373126
best 291 time 323.650388
best 284 time 338.258017
best 282 time 367.236165
best 281 time 374.491574
best 280 time 389.151287
best 278 time 403.603467
best 277 time 410.858478
best 276 time 418.123547
best 275 time 425.368119
begin solution 13
feasible: evaluation function = 275
20 16 31 28 22 18 40 6 25 29 37 25 28 14 18 2 28 5 4 31 29 0 6 20 19 32 24 34 0 13 24 24 36 30 31 10 3 30 18 29 38 7 14 23 7 10 40 1 26 22 22 5 7 37 37 39 5 43 37 18 10 27 5 25 11 16 27 1 32 34 23 16 18 14 40 8 19 20 38 23 25 16 22 6 36 32 2 15 14 16 10 19 12 2 19 20 31 37 40 15 7 16 15 41 43 29 36 9 29 17 12 11 13 1 42 43 6 25 33 31 28 42 42 27 33 40 40 43 2 21 11 1 27 7 9 19 30 37 43 22 23 20 23 17 12 1 6 37 15 39 38 34 19 28 32 2 14 5 36 42 28 31 39 43 39 32 7 15 21 6 9 27 33 18 42 13 4 17 32 34 36 36 42 4 3 18 12 42 30 4 10 12 35 0 11 19 10 43 11 43 41 13 6 40 36 20 21 30 9 24 0 44 24 5 41 30 19 29 24 30 14 41 13 12 20 33 4 4 13 7 14 41 15 5 8 20 21 9 15 24 18 34 13 0 25 27 21 30 7 21 28 19 8 9 3 28 16 33 22 17 2 27 39 16 21 33 33 4 25 1 34 41 18 1 38 39 25 0 33 3 2 44 22 9 22 25 11 31 0 12 4 38 36 34 21 15 32 27 41 3 29 44 3 43 5 27 34 31 34 24 7 38 15 10 18 16 13 10 28 3 23 0 6 11 14 24 13 9 11 8 0 10 31 7 36 19 34 12 2 39 35 32 38 25 20 44 37 31 14 13 41 12 1 27 36 14 22 41 12 1 40 42 26 37 16 40 21 29 42 33 28 11 21 39 39 42 5 4 24 9 32 23 6 9 20 37 3 0 6 23 29 22 5 17 4 39 33 43 8 15 
7 3 3 2 3 3 0 7 3 3 4 0 9 4 2 0 6 1 7 4 7 9 3 9 5 7 3 1 7 9 4 6 6 0 7 3 7 4 0 9 6 3 5 3 9 7 2 0 3 0 9 7 0 8 9 7 2 0 6 6 0 3 4 4 2 2 0 7 5 4 0 6 5 0 5 2 7 1 0 1 6 4 4 1 0 2 5 9 7 7 8 0 9 3 3 5 1 3 6 6 6 1 5 9 2 1 8 5 2 3 3 7 6 5 0 7 5 1 1 5 4 6 7 6 3 3 4 9 1 0 0 6 2 4 8 8 8 2 4 1 8 4 2 4 4 1 6 7 7 9 3 2 1 3 6 2 3 8 5 2 5 8 4 3 0 0 5 3 4 2 0 7 9 1 3 7 2 0 8 7 1 9 8 1 6 7 2 9 5 0 9 7 8 2 3 4 6 8 4 6 3 4 0 1 4 8 7 6 4 8 6 3 7 0 1 2 2 8 1 1 6 4 0 0 0 4 9 6 8 7 2 6 1 9 1 2 6 7 2 0 8 5 3 5 8 9 9 3 1 1 7 6 6 9 8 8 5 8 7 5 8 4 3 9 3 6 2 8 9 2 3 0 9 8 7 8 5 4 0 3 4 6 2 2 6 7 8 6 0 1 4 4 3 6 2 4 4 8 2 5 4 8 4 1 6 5 8 9 9 9 8 2 8 1 4 0 2 4 1 2 5 3 8 1 8 2 5 1 5 3 1 2 2 2 2 9 0 8 6 6 3 1 8 2 6 2 1 0 1 1 8 5 3 1 7 9 8 7 6 4 8 5 6 0 8 7 8 6 4 7 0 6 5 1 2 1 3 3 5 6 3 6 9 3 3 5 1 8 4 4 5 5 5 6 5 5 5 5 5 0 
end solution 13
end try 13
begin try 14
best 1000808 time 17.539967
best 552 time 21.334046
best 428 time 40.235656
best 380 time 61.279648
best 348 time 84.568943
best 338 time 109.673619
best 319 time 138.961608
best 301 time 168.553573
best 292 time 193.922466
best 288 time 246.005577
best 284 time 252.869637
best 277 time 273.370197
best 273 time 287.272644
best 266 time 294.461954
best 262 time 308.800988
best 260 time 330.239784
best 256 time 336.956835
best 249 time 351.212704
best 247 time 358.401999
best 246 time 365.637316
best 245 time 372.799618
best 240 time 380.031700
best 235 time 402.020490
best 232 time 423.929523
best 231 time 431.174139
best 230 time 438.475500
best 229 time 453.006901
begin solution 14
feasible: evaluation function = 229
0 29 34 31 7 40 38 13 43 18 9 42 29 38 9 11 29 43 7 1 36 11 39 31 42 20 3 3 11 21 43 20 31 19 37 2 23 9 27 36 28 25 19 31 10 14 19 2 20 36 33 18 17 19 5 31 16 31 21 4 16 30 1 2 15 5 16 9 12 19 28 18 39 20 44 22 1 18 10 21 34 19 40 34 0 16 18 32 23 30 15 37 40 36 35 16 4 19 43 24 9 34 0 6 31 4 20 24 38 7 33 16 40 30 29 32 13 5 14 0 5 28 30 4 2 18 38 28 25 42 30 11 29 34 10 34 29 27 2 15 33 39 44 42 32 42 21 6 25 21 9 30 20 30 22 10 17 6 32 9 10 12 29 22 25 7 4 22 3 39 5 32 22 23 13 20 43 33 8 39 13 15 28 40 33 43 24 7 33 21 0 15 35 11 13 10 42 4 37 31 13 39 22 29 4 37 39 12 0 27 1 3 27 23 1 41 12 36 43 26 16 36 4 6 20 40 3 23 42 41 25 17 38 37 14 37 27 18 18 31 7 6 11 3 40 18 14 6 22 27 24 36 34 14 13 11 34 42 3 26 2 5 38 32 27 10 42 15 37 39 16 1 22 39 2 21 5 31 13 23 38 30 6 32 7 12 13 10 9 32 23 33 23 35 1 10 16 37 0 7 7 34 13 30 38 1 22 33 43 27 0 26 41 24 4 12 1 24 32 14 36 11 15 37 24 36 27 6 24 5 40 14 16 1 21 6 36 9 18 32 26 14 41 24 40 0 19 11 20 12 5 38 9 7 34 21 38 27 25 15 43 21 33 39 44 19 10 25 28 28 33 28 37 41 3 0 41 15 41 19 4 2 22 12 23 25 6 28 25 41 20 3 43 35 11 28 14 15 8 40 
7 3 7 1 3 3 0 9 3 4 5 0 5 4 6 0 6 1 7 4 7 9 3 5 5 7 6 1 7 4 4 6 2 0 7 1 7 9 0 9 3 3 5 3 9 7 2 0 3 0 9 9 0 6 7 9 1 4 6 6 0 3 7 4 2 1 9 7 5 4 7 6 5 9 3 2 9 1 0 1 3 7 4 1 0 8 5 0 5 7 8 0 9 3 3 5 2 3 6 8 1 0 6 7 8 1 2 5 2 6 8 7 5 5 0 3 5 6 0 5 2 1 4 9 6 3 9 9 2 4 0 6 2 4 8 8 8 2 3 1 3 9 2 7 4 1 3 9 7 7 3 2 8 8 6 1 3 2 5 2 5 3 4 3 0 0 5 9 7 1 0 7 4 1 3 4 2 0 1 6 1 9 2 2 2 7 2 9 5 0 9 7 8 2 7 4 6 3 3 6 6 4 0 1 7 8 7 6 4 8 6 3 4 0 1 6 8 2 0 1 2 4 0 0 0 7 0 6 8 0 1 6 1 9 3 6 6 0 2 0 8 5 3 8 8 7 6 6 1 1 7 6 6 4 8 8 5 3 4 5 8 4 3 9 3 2 2 6 4 2 3 0 7 8 7 8 5 7 0 2 7 6 8 6 2 4 2 6 0 2 4 4 3 6 8 7 4 2 2 5 4 2 4 1 6 5 8 7 9 9 8 2 3 1 4 0 2 0 1 8 5 4 0 1 6 8 5 1 4 3 1 2 6 3 2 4 1 8 8 8 3 1 8 3 6 3 1 1 1 1 8 5 4 1 9 9 8 7 6 4 8 5 6 0 8 9 3 8 4 0 1 6 5 1 2 1 2 3 5 8 8 2 5 2 8 5 3 8 4 4 5 5 5 5 5 5 5 5 5 0 
end solution 14
end try 14
begin try 15
best 1000797 time 16.495276
best 551 time 24.378891
best 475 time 49.206698
best 413 time 69.957057
best 387 time 91.145782
best 370 time 117.524943
best 344 time 142.699183
best 331 time 157.813027
best 328 time 218.464194
best 305 time 225.089522
best 302 time 238.872679
best 295 time 252.700540
best 291 time 259.849864
best 288 time 280.982066
best 279 time 287.764829
best 277 time 294.944480
best 276 time 309.011279
best 273 time 316.181432
best 269 time 323.448530
best 261 time 337.909582
best 257 time 345.154340
best 249 time 359.306226
best 246 time 381.207361
best 242 time 388.433335
best 239 time 410.325421
best 238 time 417.628955
best 237 time 439.602527
best 236 time 446.902399
begin solution 15
feasible: evaluation function = 236
27 8 9 36 6 41 11 21 13 13 40 24 14 0 39 23 13 5 11 24 32 7 0 20 43 38 4 44 8 22 6 33 12 9 33 24 18 15 16 0 37 25 36 23 25 32 1 33 36 40 36 3 3 0 11 14 1 18 13 28 27 39 6 34 41 11 23 43 10 33 31 3 34 42 35 17 31 2 34 14 7 22 42 36 41 12 23 10 21 10 39 19 43 22 44 27 23 2 37 29 21 2 16 39 18 10 27 1 26 20 10 1 5 41 39 13 14 30 4 37 9 16 15 19 32 16 40 29 17 32 36 31 5 25 29 2 1 12 2 7 14 12 38 10 7 18 14 37 15 6 17 4 43 10 18 2 14 3 28 35 4 34 16 34 15 20 22 19 42 20 31 2 14 19 21 28 41 6 21 23 28 43 21 2 26 25 14 12 7 26 24 36 4 23 7 36 15 4 39 28 20 22 0 17 3 15 37 7 27 21 5 19 10 32 11 40 38 19 27 20 5 0 3 4 39 9 2 12 30 19 38 38 6 1 32 27 40 29 22 29 20 31 18 11 9 13 30 37 0 40 34 43 28 6 12 28 21 18 27 44 5 23 1 11 40 22 25 22 31 26 25 42 16 24 33 37 0 29 23 30 1 23 29 13 43 38 24 27 1 39 30 4 7 24 33 18 39 9 42 18 30 36 15 6 11 20 33 31 16 18 22 0 24 42 19 37 31 7 13 34 25 41 21 9 3 6 1 31 25 28 9 32 16 42 30 34 30 44 11 41 11 33 19 40 9 27 41 34 37 25 0 32 29 37 6 8 43 12 43 32 31 2 36 28 16 24 5 38 12 30 13 30 40 15 7 25 16 10 33 29 42 42 40 10 32 29 3 43 15 21 39 34 9 12 38 19 3 3 24 22 
7 3 7 2 3 3 0 7 8 4 7 0 7 7 6 0 3 1 9 4 7 9 3 4 5 4 6 1 4 9 4 6 2 0 4 1 4 9 0 9 4 3 5 3 9 9 2 0 3 0 9 9 0 6 7 9 1 0 6 3 0 3 6 4 2 2 9 7 5 3 4 6 6 5 3 8 9 1 0 1 3 7 4 1 0 1 5 9 9 4 1 0 9 3 3 5 1 3 6 6 6 0 5 9 2 1 2 6 2 3 8 4 5 5 0 7 5 1 1 5 4 1 2 9 3 3 4 9 2 4 0 6 2 4 3 8 8 3 4 1 3 4 2 0 4 1 6 9 7 9 3 2 1 2 6 6 8 2 5 2 5 8 7 3 0 0 5 7 7 2 0 7 4 1 3 7 8 0 1 7 1 4 2 2 6 7 2 9 5 0 9 7 8 2 7 4 6 3 7 6 6 4 0 1 7 8 7 6 4 8 0 3 7 0 1 8 3 2 1 1 6 4 4 0 8 9 9 6 8 6 1 6 1 9 1 6 6 1 2 0 8 5 8 5 8 9 7 3 1 1 7 6 2 7 8 8 5 3 9 5 8 4 3 4 3 1 2 6 3 8 8 0 9 8 7 8 5 7 6 3 7 8 2 2 2 7 2 8 0 2 9 4 8 6 2 9 4 2 8 5 4 8 4 8 8 5 8 7 4 7 8 2 3 1 4 0 2 0 1 2 5 4 0 1 8 2 5 1 0 4 6 2 6 2 2 9 5 8 6 6 3 1 8 2 3 3 1 1 1 1 8 5 4 2 5 0 8 7 0 6 8 5 6 0 8 7 3 8 0 0 0 6 5 1 2 6 2 3 5 8 3 6 9 6 8 5 1 3 3 4 5 5 5 5 5 5 5 3 5 0 
end solution 15
end try 15
begin try 16
best 3000835 time 15.275968
best 1000843 time 18.228996
best 574 time 25.030995
best 479 time 38.275968
best 408 time 61.392210
best 382 time 78.782526
best 362 time 104.020838
best 343 time 123.070715
best 337 time 158.830672
best 329 time 171.323091
best 312 time 178.369081
best 306 time 191.539972
best 305 time 218.839559
best 302 time 225.960147
best 295 time 233.115338
best 293 time 239.935154
best 292 time 246.780301
best 291 time 253.571126
best 289 time 266.819508
best 286 time 274.002303
best 281 time 281.134006
best 277 time 302.161811
best 269 time 309.194653
best 265 time 330.695908
best 262 time 337.929835
best 261 time 345.104225
best 260 time 352.242946
best 256 time 359.463858
best 253 time 374.033590
best 251 time 381.304466
best 250 time 388.604886
best 243 time 395.960429
best 241 time 403.251980
best 239 time 417.938492
begin solution 16
feasible: evaluation function = 239
18 0 12 38 1 25 23 42 5 43 9 31 36 37 5 33 28 25 38 42 23 37 39 5 25 24 21 40 36 30 22 3 25 10 16 12 13 10 20 27 34 15 43 3 15 27 37 14 23 1 36 11 18 28 31 16 24 10 37 19 27 37 32 42 18 15 20 0 32 4 10 4 3 11 30 8 40 14 38 28 18 6 0 6 20 0 42 5 44 39 3 9 11 17 7 38 37 42 42 5 9 14 33 1 43 19 0 10 8 36 41 19 14 36 0 7 24 22 22 13 38 39 40 19 43 0 34 24 16 10 37 13 39 13 43 7 29 15 7 1 23 25 31 22 16 42 27 6 12 27 30 13 30 12 28 19 23 12 11 19 21 4 29 4 16 33 30 5 36 11 4 37 5 27 9 14 0 2 26 39 13 25 33 32 36 33 30 1 40 12 42 1 6 20 22 36 9 38 14 18 33 41 16 6 29 21 2 25 20 2 43 34 43 32 4 35 16 38 14 29 24 3 19 21 18 32 11 32 9 7 7 18 23 33 20 28 2 18 12 40 37 16 21 22 27 43 3 32 9 20 9 7 39 24 1 22 5 14 39 35 10 20 29 4 2 33 11 27 7 44 31 36 15 30 32 34 6 43 31 6 28 11 1 2 1 3 42 14 30 43 6 40 32 30 29 33 18 34 7 9 38 22 40 21 11 27 20 38 30 0 33 44 41 23 41 25 40 28 38 24 29 39 24 31 9 24 20 25 29 2 32 27 4 13 16 28 18 17 10 15 22 22 44 21 39 40 44 3 11 34 15 23 23 3 34 35 31 25 34 42 26 4 6 14 13 6 19 41 15 34 5 34 1 16 8 41 36 24 31 12 28 10 19 41 5 12 26 3 40 10 7 28 0 8 39 37 15 29 8 29 
7 3 4 8 3 3 0 7 3 3 9 0 9 4 2 0 3 1 9 6 7 9 3 7 5 4 6 1 6 9 4 6 2 0 9 1 7 9 0 9 4 3 5 3 4 4 2 0 6 0 1 4 1 6 4 7 1 1 6 3 0 3 4 0 2 1 9 9 5 4 7 6 5 7 7 8 9 1 0 1 3 4 7 3 6 1 5 0 0 9 2 4 9 3 3 5 1 3 8 6 0 9 5 4 2 1 2 5 2 3 3 4 5 5 0 7 5 6 0 5 6 1 7 7 6 6 9 7 2 4 0 6 2 4 8 8 8 2 4 1 8 7 2 9 4 1 3 0 7 7 3 2 1 8 0 6 3 2 5 2 5 8 7 3 0 6 5 4 7 8 0 7 9 1 3 2 8 0 2 4 1 9 2 2 2 4 2 9 5 0 9 7 8 2 7 4 6 3 4 8 3 4 6 1 4 8 7 6 7 8 0 3 4 0 1 2 3 2 7 1 6 4 0 0 0 9 0 6 8 0 1 6 1 7 3 2 6 9 3 0 8 5 3 5 8 9 9 8 1 1 7 6 8 9 8 8 5 3 7 5 8 4 3 7 3 1 2 6 9 2 3 0 7 8 7 8 5 7 6 2 4 3 2 2 6 7 2 6 0 1 7 4 3 6 2 9 4 2 2 5 4 2 6 1 6 5 8 7 4 4 8 6 8 2 7 0 8 9 1 2 5 0 0 1 2 8 5 8 9 4 1 2 2 3 8 7 5 8 6 6 3 1 8 2 6 2 1 0 1 1 8 5 4 1 5 0 8 4 0 4 8 5 6 8 8 9 8 6 0 7 1 6 5 1 3 1 8 3 5 6 8 2 5 2 8 5 1 8 3 3 5 5 5 6 5 5 5 6 5 0 
end solution 16
end try 16
begin try 17
best 3000809 time 15.287462
best 2000812 time 18.485149
best 1000824 time 21.127484
best 566 time 30.414423
best 442 time 49.361164
best 364 time 66.126011
best 357 time 88.142439
best 356 time 99.143870
best 355 time 105.843938
best 336 time 125.613437
best 331 time 132.590437
best 325 time 139.326482
best 324 time 153.310566
best 319 time 159.940280
best 309 time 166.945047
best 297 time 174.055310
best 293 time 208.532547
best 291 time 215.328547
best 286 time 222.465052
best 283 time 236.810061
best 281 time 250.958645
best 280 time 265.303067
best 276 time 272.445384
best 275 time 279.515963
best 274 time 308.023489
best 273 time 393.790238
best 272 time 400.907121
best 271 time 415.300279
begin solution 17
feasible: evaluation function = 271
12 16 34 25 1 35 22 6 21 25 38 13 27 33 24 37 39 21 40 15 18 13 22 38 24 0 24 42 20 5 3 32 43 41 12 40 23 33 2 11 3 12 18 36 18 22 29 4 39 20 23 30 38 36 11 37 28 9 26 2 28 14 23 29 26 15 4 31 42 28 30 14 14 28 14 18 42 4 19 20 1 13 36 38 34 0 12 43 20 31 12 0 15 26 17 15 10 43 10 42 27 10 0 25 32 18 28 4 26 39 23 3 7 23 7 32 9 36 13 13 42 5 28 14 41 22 42 18 44 43 29 21 20 16 11 30 19 25 1 43 40 4 5 22 33 22 18 39 21 34 27 23 6 42 39 12 1 34 21 28 38 28 5 44 26 37 19 1 20 11 25 36 1 36 41 0 14 21 37 31 23 3 37 13 23 40 32 1 28 23 29 24 21 11 13 37 0 4 23 9 38 41 43 2 4 27 16 27 12 34 16 38 8 35 34 36 43 40 33 32 30 32 37 15 27 7 10 7 0 9 25 16 31 39 3 24 5 1 17 24 38 22 22 3 35 11 37 14 33 27 34 11 17 19 6 17 1 7 10 25 16 4 33 10 15 12 0 31 7 15 10 0 40 7 16 31 40 18 31 2 24 12 4 13 20 25 41 30 6 10 13 27 18 2 33 5 38 6 32 33 40 11 41 20 35 43 33 1 9 27 37 19 29 40 2 3 39 30 31 16 39 36 42 14 13 7 28 29 19 0 9 25 29 9 21 11 3 15 6 5 6 4 29 5 15 19 8 19 12 7 42 27 30 20 19 39 9 6 32 2 3 10 18 9 10 30 34 34 31 7 21 24 41 16 42 41 43 19 30 40 3 9 43 33 2 6 30 38 6 36 37 24 36 5 16 20 2 11 8 25 
7 3 4 1 3 3 0 9 3 4 9 0 7 7 8 0 3 1 0 4 7 9 8 7 1 7 3 1 7 9 4 6 6 0 9 1 3 9 0 7 6 3 5 3 9 7 2 0 6 0 9 9 0 6 9 7 1 4 6 3 0 3 7 4 2 1 7 9 5 7 4 6 5 9 7 2 9 8 0 1 6 4 9 1 0 1 5 9 9 7 2 4 7 3 3 5 1 3 6 6 2 0 5 9 3 1 2 5 8 8 8 7 5 5 0 7 5 1 1 5 4 1 4 4 6 6 7 0 1 4 0 6 2 4 3 8 8 8 4 1 3 9 8 4 4 1 3 1 7 9 3 2 1 3 0 8 8 2 5 8 5 3 4 3 0 6 5 2 4 1 0 7 9 2 3 9 2 4 1 3 1 9 2 8 6 7 2 7 6 0 7 4 8 2 3 4 6 3 4 6 6 4 0 1 4 8 7 6 4 8 0 3 3 0 1 8 8 8 0 1 2 4 3 0 0 7 7 6 8 7 3 6 2 4 1 2 6 1 2 0 8 5 3 5 8 4 9 8 1 1 7 6 6 4 8 8 5 3 4 5 8 6 3 9 3 0 2 6 9 2 3 0 9 8 9 8 5 4 0 2 7 6 2 2 6 7 2 6 0 2 7 4 8 6 2 7 4 2 8 5 4 8 8 8 6 5 8 0 9 9 8 6 3 2 7 0 2 0 1 2 5 0 0 1 6 2 5 1 9 3 1 2 6 3 2 0 2 8 6 2 3 1 8 3 6 2 1 1 1 1 8 5 3 3 7 7 8 7 0 4 8 5 6 0 8 7 3 6 4 4 0 6 5 1 2 1 2 3 5 6 3 2 7 6 8 5 1 2 4 4 5 5 5 5 5 5 5 5 5 6 
end solution 17
end try 17
begin try 18
best 1000762 time 15.489223
best 567 time 21.210777
best 453 time 46.272917
best 400 time 69.300011
best 369 time 90.713501
best 350 time 115.978106
best 321 time 145.403689
best 314 time 166.993055
best 309 time 203.003810
best 306 time 209.219957
best 293 time 222.849935
best 289 time 229.609477
best 286 time 236.720155
best 285 time 249.971696
best 284 time 271.709644
best 283 time 286.332098
best 279 time 300.184995
best 278 time 307.123497
best 269 time 314.457228
best 261 time 329.000608
best 259 time 336.262002
best 256 time 350.897749
best 249 time 358.221593
best 247 time 365.609156
best 245 time 372.987990
best 243 time 380.419235
best 241 time 402.681139
best 240 time 410.105393
best 239 time 424.847504
best 233 time 432.243892
best 229 time 439.578168
best 228 time 454.416521
best 227 time 461.775124
best 226 time 469.103643
best 224 time 476.535844
best 222 time 483.935996
best 221 time 491.308020
best 218 time 498.740116
begin solution 18
feasible: evaluation function = 218
28 23 21 23 37 38 6 31 28 31 40 18 1 18 21 31 30 42 5 1 34 42 16 43 14 37 37 22 27 10 15 39 40 29 20 20 23 41 16 31 7 31 36 20 27 0 5 15 6 33 11 23 22 26 13 15 37 7 6 7 0 24 41 38 34 30 32 22 24 24 3 9 20 38 32 8 0 0 39 10 0 19 21 27 21 3 3 36 14 1 18 39 10 14 8 40 9 2 12 22 1 22 0 24 22 25 27 39 16 1 4 11 21 2 2 12 5 23 43 30 33 10 43 4 9 41 28 22 26 2 30 34 33 24 39 26 33 13 3 34 21 21 11 39 15 12 27 16 14 0 25 10 27 33 34 16 27 16 41 34 29 25 30 18 13 42 23 40 7 20 42 9 16 40 5 5 4 28 5 20 24 20 19 31 17 36 32 43 32 4 5 33 28 22 24 8 42 4 10 23 19 12 40 23 16 2 36 5 30 1 41 11 4 14 43 1 36 20 9 32 29 14 25 3 27 10 25 14 19 37 32 35 42 24 28 9 13 18 2 12 41 10 15 6 15 31 37 12 40 15 16 18 3 42 7 32 4 36 6 38 36 20 3 27 21 11 31 43 25 17 40 5 34 0 7 29 1 32 9 25 43 11 21 18 13 23 44 35 7 3 4 29 0 39 15 36 37 1 39 42 13 41 4 19 42 39 43 19 2 38 10 32 20 13 39 9 0 34 11 28 18 24 37 1 25 37 11 4 12 18 14 12 7 30 18 2 23 40 36 14 10 21 31 38 38 43 2 33 29 6 44 7 41 29 27 15 13 11 32 5 30 12 28 6 9 19 12 2 34 25 28 29 25 38 14 43 42 11 15 33 7 37 28 19 3 30 36 22 24 38 17 13 16 19 33 34 31 41 22 38 
7 3 4 8 3 3 0 9 3 4 7 0 9 7 6 0 3 1 9 4 7 7 3 5 5 7 6 1 4 9 6 6 6 0 0 1 7 9 0 7 4 3 5 6 7 4 2 0 3 1 9 9 0 6 7 9 1 1 6 6 0 3 7 0 2 1 4 4 5 7 7 6 5 9 9 2 9 1 0 1 6 0 7 3 0 1 5 0 9 7 1 4 4 3 3 5 1 3 6 6 0 9 5 1 3 1 2 1 8 3 8 4 5 5 0 7 5 2 0 5 4 6 7 9 3 3 9 7 1 4 0 6 2 8 3 8 8 3 4 1 3 9 2 9 4 1 6 7 7 7 3 2 1 3 0 1 8 2 6 8 5 8 7 3 0 0 5 4 7 8 4 7 9 2 3 7 2 4 1 7 2 9 6 1 6 4 2 9 5 0 4 7 8 2 6 4 6 3 7 6 3 4 0 1 6 8 7 6 4 8 0 3 4 0 2 6 2 2 9 1 2 4 0 0 0 0 9 6 8 9 3 8 2 9 1 2 6 9 2 0 8 5 3 5 8 6 5 3 1 1 4 6 6 9 8 8 5 3 4 5 8 4 8 9 8 0 2 6 4 2 3 0 4 8 9 8 5 7 0 2 4 6 2 2 2 4 2 6 0 2 7 4 3 8 2 9 4 2 2 5 4 2 6 1 8 5 8 4 7 7 8 6 3 1 7 4 2 9 1 2 5 0 0 1 6 8 5 1 9 4 1 2 2 2 8 9 0 8 6 8 3 1 8 2 8 3 1 0 1 1 8 5 4 3 5 7 8 7 0 8 8 5 6 8 8 7 8 6 3 7 0 6 5 1 2 1 3 8 5 6 3 2 5 2 3 6 1 8 4 4 5 5 5 5 5 5 5 5 5 6 
end solution 18
end try 18
begin try 19
best 2000716 time 16.318265
best 1000723 time 19.581798
best 513 time 24.053515
best 416 time 49.166649
best 352 time 76.400526
best 323 time 108.012912
best 317 time 173.625113
best 311 time 242.973322
best 310 time 250.231931
best 304 time 257.497869
best 296 time 264.821517
best 294 time 279.458980
best 290 time 301.255851
best 283 time 308.595952
best 282 time 323.212026
best 280 time 330.609909
best 277 time 337.964168
best 276 time 345.362433
best 271 time 352.722090
best 270 time 367.418936
best 268 time 374.752796
best 266 time 382.165013
best 264 time 389.588778
best 262 time 396.963864
best 259 time 441.354754
best 258 time 448.713420
begin solution 19
feasible: evaluation function = 258
5 30 19 12 0 6 13 32 13 11 36 11 28 18 37 25 11 23 3 27 0 25 38 5 10 40 38 7 1 4 16 29 35 40 3 41 41 7 10 10 2 33 43 12 20 29 35 31 24 7 40 7 6 22 5 1 37 32 14 42 2 21 12 10 11 2 33 19 34 12 27 36 41 12 23 17 18 21 0 19 39 24 13 15 20 31 38 18 43 22 10 36 31 6 0 3 44 22 31 21 14 33 0 19 36 39 8 15 27 7 18 27 4 33 3 5 25 4 3 29 43 30 23 30 40 23 41 30 0 9 11 28 20 9 15 28 20 29 22 27 5 43 34 24 25 14 16 2 31 14 37 15 20 27 37 38 16 31 18 29 11 32 42 19 23 33 33 37 13 6 19 20 37 10 33 0 43 24 33 13 29 10 13 6 23 9 14 30 22 19 38 22 1 11 3 39 5 39 25 10 41 7 34 1 34 13 42 25 2 21 28 9 39 24 28 1 16 40 16 32 23 23 41 13 3 31 29 31 27 42 16 43 22 43 24 25 5 22 18 29 19 31 41 19 12 4 29 8 42 44 14 4 20 14 34 8 32 14 28 26 32 6 20 27 24 2 37 7 39 43 4 18 15 36 18 3 23 16 36 5 41 44 38 27 17 41 9 13 15 21 28 37 36 38 24 33 38 41 0 6 34 29 39 7 32 9 30 34 15 1 42 6 2 5 0 25 28 9 34 1 27 20 32 30 40 22 1 42 39 5 40 12 39 37 33 36 16 4 18 25 10 36 10 4 30 17 12 25 0 3 40 13 28 1 40 17 7 32 42 9 18 19 2 38 24 11 22 16 8 3 30 34 37 43 31 9 34 15 21 23 43 14 6 9 2 16 26 42 21 15 42 40 15 30 28 20 7 36 39 4 
0 3 7 1 8 8 0 2 3 4 7 6 9 4 6 0 3 1 7 4 7 9 3 5 5 4 6 1 4 4 4 6 6 0 9 1 3 7 0 7 4 8 5 6 9 9 2 0 6 0 7 9 0 6 9 7 1 7 6 6 0 3 7 4 2 2 9 9 5 4 0 6 5 0 9 2 9 2 0 1 6 7 9 1 0 1 5 0 7 9 1 4 9 3 3 5 2 3 8 6 0 7 5 2 2 1 2 6 2 3 3 7 5 5 6 7 5 1 2 5 4 2 7 4 3 3 9 9 2 0 0 6 2 8 3 8 8 3 4 1 3 0 2 9 4 1 3 9 7 9 3 2 1 3 0 1 8 2 5 8 5 3 7 3 0 0 6 9 7 1 4 7 7 2 3 9 2 4 1 4 1 9 2 2 2 7 2 7 5 0 7 7 8 8 3 2 8 3 7 6 6 4 0 1 7 8 4 8 7 8 0 3 7 0 1 6 2 2 9 1 6 4 0 1 0 4 7 6 8 9 1 6 1 9 1 2 6 0 2 0 8 5 8 6 8 7 4 3 1 1 4 6 6 7 8 8 5 3 4 5 8 4 3 9 3 1 8 6 9 8 3 1 9 8 7 8 5 7 0 2 7 3 2 6 6 4 2 6 0 1 7 4 3 8 2 4 4 2 6 5 4 2 4 2 6 5 8 9 7 9 8 6 3 1 4 3 2 9 1 2 5 4 0 1 6 2 5 3 0 4 1 2 8 2 2 9 0 8 6 6 3 1 8 2 6 3 3 1 1 1 8 5 3 3 9 0 8 4 0 4 8 5 6 0 8 7 8 6 0 4 0 6 5 1 3 1 3 8 5 8 3 8 7 6 8 5 1 2 4 4 5 5 5 5 5 5 5 5 5 0 
end solution 19
end try 19
begin try 20
best 2000745 time 16.926259
best 1000738 time 19.377101
best 578 time 22.886078
best 474 time 43.408199
best 427 time 66.530137
best 390 time 85.613287
best 360 time 106.759155
best 334 time 132.178539
best 308 time 157.577197
best 296 time 222.785865
best 293 time 229.916683
best 288 time 244.176773
best 283 time 251.291029
best 275 time 258.444521
best 269 time 265.210732
best 266 time 272.363739
best 258 time 279.598259
best 255 time 294.060723
best 252 time 308.574393
best 245 time 315.749150
best 239 time 322.946872
best 238 time 337.449973
best 235 time 344.640061
best 234 time 351.897322
best 232 time 366.568632
best 231 time 373.816812
best 230 time 381.116715
best 229 time 388.409202
best 228 time 395.610930
begin solution 20
feasible: evaluation function = 228
15 21 6 11 3 34 5 23 5 12 30 25 4 14 18 7 4 36 6 32 40 9 38 0 1 29 2 17 1 39 20 15 2 36 37 18 18 32 38 6 15 36 26 9 3 12 40 4 22 0 19 16 16 0 25 2 1 28 1 12 40 42 33 20 1 32 38 36 27 29 15 3 10 7 26 8 24 35 18 3 37 5 38 43 24 19 26 11 29 42 31 11 43 0 44 43 14 35 25 19 43 28 3 36 32 30 15 12 6 27 28 43 23 42 19 37 38 33 2 21 36 42 23 21 30 23 22 27 40 30 4 16 26 27 41 14 42 7 14 10 12 6 19 18 23 21 38 30 0 41 1 43 21 38 1 0 20 12 23 27 13 31 2 6 23 41 33 19 30 26 16 43 3 22 18 25 34 22 2 40 29 18 42 41 21 20 5 7 11 6 40 24 38 1 16 19 39 36 5 41 29 33 9 37 13 35 10 34 10 22 28 25 13 22 25 3 33 37 38 29 13 31 0 4 34 9 34 11 31 10 6 43 39 27 22 6 13 12 28 26 11 2 2 18 16 4 42 41 43 12 39 7 14 33 10 24 28 19 41 28 4 21 14 1 39 10 15 6 9 36 7 41 37 33 5 21 31 32 18 39 28 10 9 37 30 16 33 5 32 32 15 1 24 27 10 11 42 39 40 39 25 28 7 38 8 40 0 24 27 29 2 0 40 13 12 34 24 30 20 37 36 42 11 5 31 12 40 9 13 25 36 16 22 3 25 14 30 32 33 31 13 5 29 4 42 8 7 34 13 28 34 9 39 18 15 44 9 20 3 24 27 7 19 37 23 34 29 32 31 31 44 10 24 27 7 30 20 20 19 14 16 11 4 43 15 29 41 9 23 4 32 11 34 41 0 22 37 16 26 39 
0 3 4 1 3 3 0 9 3 4 5 0 9 7 6 0 3 1 5 7 7 9 3 9 5 9 6 1 7 9 4 6 2 0 7 1 7 9 0 9 4 3 5 6 4 9 2 6 3 0 7 9 1 6 9 4 1 4 6 6 0 3 7 0 2 1 9 9 5 4 9 6 5 9 4 2 7 1 0 1 3 4 4 8 0 1 3 9 0 7 1 4 9 3 3 5 1 3 6 8 0 9 5 7 3 8 2 5 8 3 3 7 5 5 0 4 5 1 0 5 4 1 7 7 6 6 7 0 1 4 0 6 2 4 3 8 8 3 4 1 3 7 2 4 4 1 6 7 7 7 3 2 2 2 0 1 3 2 2 2 5 3 7 3 0 0 5 9 3 1 0 4 7 2 3 7 2 4 1 4 2 9 2 1 6 6 2 7 5 0 9 4 8 8 7 4 6 8 7 8 6 4 0 1 4 8 7 6 4 8 0 8 7 0 1 8 3 8 7 1 2 4 4 1 0 7 7 6 8 9 1 6 1 7 1 2 6 0 2 0 8 5 3 5 8 7 9 6 1 1 7 6 2 9 8 8 5 3 9 6 8 4 3 9 8 0 8 6 4 2 8 4 9 8 9 8 5 4 8 3 7 3 2 6 2 4 2 6 0 2 7 4 3 6 2 7 4 2 6 5 4 8 4 1 6 5 8 9 9 7 8 2 8 8 7 4 2 9 1 2 5 0 0 1 2 8 3 1 0 3 6 2 6 2 2 0 0 8 6 6 3 8 8 2 6 3 1 1 1 1 8 5 4 2 5 0 8 7 0 6 8 5 6 0 8 9 3 6 0 7 1 6 5 1 2 1 2 8 5 6 3 2 5 3 3 5 2 3 3 4 5 3 5 5 5 5 5 5 6 0 
end solution 20
end try 20
