begin try 1
best 5000791 time 13.125000
best 2000800 time 16.906250
best 511 time 21.656250
best 397 time 33.140625
best 335 time 42.281250
best 315 time 60.843750
best 289 time 87.390625
best 253 time 107.187500
best 250 time 123.843750
best 246 time 132.843750
best 239 time 146.937500
best 235 time 156.656250
best 229 time 180.671875
best 220 time 185.281250
best 218 time 190.187500
best 212 time 195.062500
best 210 time 199.968750
best 204 time 204.890625
best 203 time 209.812500
best 201 time 219.656250
best 200 time 224.625000
best 194 time 229.546875
best 192 time 234.515625
best 190 time 239.468750
best 185 time 244.421875
best 181 time 249.375000
best 180 time 254.328125
best 179 time 259.328125
best 178 time 279.312500
best 177 time 284.312500
begin solution 1
feasible: evaluation function = 177
31 24 15 25 34 30 38 2 27 14 38 36 19 24 1 27 0 12 13 33 33 22 4 18 14 16 19 6 21 6 35 27 18 7 18 26 15 33 12 37 31 12 9 6 21 5 38 5 29 3 20 3 34 44 10 30 21 34 39 24 25 41 1 28 5 42 1 38 9 12 31 17 38 29 10 5 1 0 6 33 10 13 6 11 41 5 1 22 37 33 28 35 22 11 35 37 1 20 34 42 29 32 25 9 27 0 9 13 36 14 23 10 16 33 17 5 22 12 36 31 37 37 21 25 13 34 39 4 28 38 14 5 22 40 29 28 2 39 41 19 13 36 2 16 38 30 12 2 38 20 22 18 30 10 28 11 16 27 21 4 40 27 21 11 4 42 27 25 16 25 44 1 34 9 15 3 4 4 10 16 20 0 40 0 27 30 39 31 40 16 20 28 30 36 41 3 11 21 43 0 2 32 39 4 7 23 18 39 43 23 4 18 24 11 29 5 32 40 39 36 33 32 40 19 23 9 12 2 9 32 41 36 23 38 15 14 34 28 41 18 20 43 29 29 0 10 12 25 2 6 42 3 11 24 39 38 7 6 9 29 12 3 20 37 31 43 16 31 42 31 29 19 37 21 29 42 34 37 1 22 30 6 21 13 24 14 23 34 13 41 14 19 19 15 44 25 28 43 24 32 15 36 9 1 28 2 16 11 1 14 27 39 19 42 0 24 23 32 7 33 20 6 0 13 40 13 37 40 33 3 22 15 5 15 16 10 15 19 18 20 43 31 7 32 3 15 28 39 32 23 13 2 7 11 41 32 30 44 33 31 20 0 7 24 43 6 36 41 7 43 43 23 7 27 18 4 25 5 43 2 10 8 42 42 40 22 35 22 30 9 30 34 37 25 4 7 21 14 18 10 
2 8 6 5 1 2 6 2 5 0 5 9 5 0 4 3 5 9 7 1 7 5 1 8 4 9 2 1 5 7 0 9 0 7 9 0 9 0 3 1 4 7 4 6 1 0 0 9 0 8 4 9 6 2 7 4 6 0 4 4 3 4 6 8 8 7 5 9 8 2 5 6 4 1 4 1 8 2 9 3 0 9 5 9 2 5 2 2 7 9 4 3 0 0 2 8 7 2 8 0 2 9 4 9 0 0 1 6 6 6 6 9 2 8 2 2 8 0 4 9 5 4 3 8 2 9 0 6 1 2 5 7 1 5 5 2 7 9 8 7 0 8 3 4 7 6 6 6 1 3 4 3 1 1 9 2 1 1 9 8 7 2 8 8 7 8 4 9 8 0 7 3 7 2 3 4 9 2 3 6 6 7 3 8 8 8 6 6 1 5 5 7 9 0 7 2 6 0 0 1 0 8 3 4 0 7 6 1 2 4 0 1 9 3 8 3 2 0 7 1 6 7 8 6 2 5 4 8 3 3 9 7 0 8 8 8 4 5 0 5 9 6 3 9 6 2 8 2 5 8 4 7 7 6 2 3 8 4 6 7 5 5 7 2 1 7 3 0 3 7 4 0 9 2 6 1 5 6 0 9 5 0 4 4 7 2 5 3 5 6 3 8 9 2 0 1 3 9 5 0 1 2 7 9 0 9 7 5 1 9 6 5 4 9 9 2 9 1 9 4 0 2 4 3 2 8 0 4 5 6 6 7 4 4 0 5 5 3 2 8 1 3 5 5 0 0 6 8 4 8 1 4 4 4 1 6 3 1 2 8 1 3 1 1 5 3 3 5 6 8 4 1 2 7 4 5 6 6 3 1 6 6 2 6 6 7 8 3 7 0 0 2 3 7 3 3 7 7 7 8 
end solution 1
end try 1
begin try 2
best 2000804 time 14.031250
best 1000799 time 16.375000
best 725 time 28.546875
best 654 time 30.718750
best 582 time 34.203125
best 516 time 37.718750
best 499 time 41.703125
best 493 time 44.796875
best 461 time 47.859375
best 423 time 51.578125
best 403 time 54.546875
best 385 time 64.812500
best 365 time 72.500000
best 355 time 81.406250
best 336 time 85.890625
best 332 time 90.765625
best 316 time 95.171875
best 297 time 100.046875
best 296 time 109.531250
best 289 time 114.421875
best 284 time 119.328125
best 280 time 124.015625
best 277 time 128.953125
best 253 time 133.859375
best 243 time 153.437500
best 241 time 158.343750
best 238 time 163.265625
best 235 time 172.828125
best 233 time 177.718750
best 232 time 187.578125
best 231 time 207.281250
best 230 time 212.234375
best 228 time 217.140625
best 227 time 227.046875
best 226 time 236.953125
best 224 time 241.906250
best 223 time 246.828125
best 222 time 256.671875
best 221 time 296.031250
begin solution 2
feasible: evaluation function = 221
5 6 37 1 40 7 15 32 7 10 5 22 28 23 34 24 41 32 43 16 5 10 39 23 27 38 6 2 33 7 35 16 30 28 19 32 21 19 43 29 40 26 3 25 40 41 3 11 19 22 36 14 43 35 36 16 1 20 38 44 21 22 23 7 38 25 12 25 29 34 37 19 23 3 5 25 18 31 31 0 4 33 13 11 16 27 29 9 41 36 29 35 13 18 44 3 42 13 41 12 12 2 9 4 6 16 5 31 14 9 37 23 40 14 31 18 43 32 27 0 1 40 13 39 12 13 42 22 33 23 11 44 13 41 34 41 4 30 20 24 21 27 27 41 2 27 20 7 29 11 13 5 43 35 36 24 41 5 29 21 20 38 31 36 13 34 42 27 30 7 21 4 10 1 30 37 14 20 27 10 28 29 38 5 28 1 42 29 31 15 6 25 20 18 22 2 13 31 29 36 26 32 28 39 23 11 15 9 37 0 40 27 10 15 24 0 4 0 9 42 5 21 9 36 6 20 11 42 42 41 12 3 39 2 16 11 32 4 4 31 6 24 16 15 11 28 35 37 11 25 31 37 14 2 38 1 10 33 1 40 3 23 6 30 6 24 22 19 34 15 3 17 20 39 7 34 36 28 36 42 14 12 30 18 28 3 38 25 43 22 18 40 43 15 6 9 7 28 24 40 18 22 37 43 12 18 0 18 10 39 7 37 2 6 14 21 9 21 34 14 5 39 41 33 42 0 25 4 12 10 43 16 14 2 0 4 21 40 8 33 4 36 16 22 16 9 34 13 18 19 30 24 39 31 24 21 26 8 19 25 28 2 32 23 42 33 10 19 0 22 27 32 29 38 12 0 30 34 20 12 15 8 25 33 38 33 11 9 34 1 38 43 7 1 23 10 30 3 33 15 
2 8 8 9 1 2 4 2 5 7 5 9 5 7 4 3 1 9 0 1 7 5 1 8 6 9 2 1 5 7 0 9 0 7 9 6 9 7 3 1 4 4 4 6 5 7 6 9 4 8 6 9 4 2 7 4 6 0 4 4 3 0 6 1 8 7 1 9 8 2 5 6 4 1 4 1 8 2 9 2 0 9 5 0 2 5 3 2 0 2 4 3 0 7 2 8 7 2 8 7 3 9 4 9 6 6 9 6 0 6 6 9 2 8 3 2 8 0 7 5 5 9 3 8 2 9 0 4 1 2 5 0 1 5 5 2 7 9 8 7 0 8 3 4 7 0 6 4 5 3 4 3 1 1 9 2 9 1 9 8 7 2 8 8 7 8 4 9 8 0 7 3 0 2 3 4 1 2 2 6 4 7 1 8 8 8 6 6 1 5 5 4 4 0 7 2 6 0 0 1 0 8 3 4 0 7 6 5 2 4 6 1 9 3 8 3 2 0 7 5 6 4 8 4 3 5 4 8 3 3 9 0 7 8 8 8 4 8 6 5 9 6 3 9 6 2 6 9 1 8 4 7 2 0 3 3 8 4 4 7 5 5 7 2 1 0 3 0 3 7 9 0 9 0 9 1 5 6 0 9 5 6 4 4 0 2 5 3 5 6 3 8 9 2 0 1 8 9 5 0 1 2 0 7 0 9 9 5 1 9 6 1 4 4 7 2 9 1 9 6 0 2 6 2 2 8 0 4 5 4 6 7 4 6 7 5 5 3 2 8 1 3 5 5 0 0 6 8 6 8 1 4 6 7 1 6 2 0 2 5 1 3 1 1 1 3 3 5 6 1 4 5 2 7 4 1 6 0 3 8 0 6 2 6 6 7 2 3 7 7 0 2 3 0 3 2 7 7 0 8 
end solution 2
end try 2
begin try 3
best 4000764 time 13.484375
best 3000773 time 20.687500
best 2000770 time 24.296875
best 1000770 time 27.250000
best 707 time 36.671875
best 619 time 39.062500
best 562 time 41.937500
best 506 time 45.671875
best 501 time 49.093750
best 445 time 56.437500
best 436 time 66.578125
best 429 time 70.031250
best 413 time 76.843750
best 403 time 80.218750
best 374 time 83.765625
best 362 time 91.265625
best 349 time 94.312500
best 339 time 101.906250
best 332 time 105.703125
best 327 time 114.515625
best 322 time 118.859375
best 318 time 126.828125
best 299 time 130.265625
best 296 time 139.578125
best 293 time 143.234375
best 289 time 152.234375
best 284 time 156.625000
best 281 time 160.687500
best 278 time 165.234375
best 272 time 169.546875
best 251 time 174.109375
best 250 time 178.734375
best 249 time 183.343750
best 247 time 188.203125
best 240 time 197.703125
best 236 time 207.406250
best 234 time 212.250000
best 233 time 217.078125
best 228 time 221.984375
best 227 time 226.875000
best 226 time 231.750000
best 225 time 236.609375
best 223 time 241.468750
best 222 time 246.343750
best 220 time 251.234375
best 219 time 256.125000
best 218 time 270.796875
best 216 time 315.046875
best 211 time 319.921875
best 207 time 324.843750
best 206 time 329.796875
best 205 time 334.671875
best 204 time 369.093750
best 202 time 374.000000
begin solution 3
feasible: evaluation function = 202
33 9 4 33 7 31 42 15 30 37 25 38 11 39 1 43 36 27 21 20 2 23 18 16 29 13 14 13 40 6 35 6 1 16 19 31 28 4 14 11 36 5 27 13 15 18 10 31 2 41 40 37 29 44 29 23 24 29 41 43 16 0 16 41 31 33 5 33 18 23 40 38 40 37 11 14 36 28 16 32 4 21 13 39 3 22 29 35 39 12 37 27 43 9 26 27 26 41 15 27 1 15 43 41 40 16 16 11 5 18 12 10 1 12 37 25 11 11 19 31 41 7 18 37 11 29 38 30 33 24 43 33 21 2 42 32 25 34 25 43 2 1 10 25 3 23 0 39 32 28 24 29 10 43 4 29 1 24 16 30 0 34 33 26 13 3 36 7 38 6 11 40 34 4 24 41 22 2 11 32 15 14 38 39 5 14 2 5 30 12 6 6 25 9 7 13 19 42 38 2 26 2 22 44 27 28 42 4 6 13 36 28 30 22 6 6 27 41 12 19 27 10 24 33 15 12 23 34 2 30 43 10 15 13 21 10 5 20 25 36 14 3 19 37 36 9 43 22 40 22 34 41 37 14 5 3 42 3 12 36 34 31 1 38 27 44 39 9 19 22 23 32 24 22 18 23 34 33 39 5 7 12 19 16 34 40 14 0 21 7 36 29 20 18 10 38 21 42 31 31 9 21 20 19 28 36 3 15 3 0 6 3 25 9 32 5 21 0 1 31 15 12 20 42 40 0 0 14 32 30 32 13 7 18 7 16 38 23 42 28 30 33 0 39 22 43 8 19 4 20 42 9 21 34 29 1 9 35 20 19 37 7 10 6 7 41 34 9 4 0 20 32 30 20 28 27 22 24 20 1 14 35 39 28 21 40 10 31 23 24 3 8 25 30 32 38 37 15 18 23 
2 8 8 5 1 2 4 2 5 0 5 9 5 4 4 3 1 9 7 1 7 5 1 8 4 9 2 1 8 4 2 9 0 7 9 6 9 7 3 1 2 7 4 6 1 0 6 9 4 8 6 9 6 2 7 6 6 0 6 6 3 4 6 1 8 7 1 9 8 2 5 6 4 5 4 1 8 2 9 8 0 0 5 9 2 5 5 0 7 1 4 3 0 7 2 8 7 2 8 7 3 9 4 9 0 0 1 6 0 6 6 9 2 8 3 2 8 0 0 1 5 2 3 8 2 9 7 4 1 2 5 0 1 1 5 2 7 9 8 8 0 8 3 6 7 0 6 6 7 3 4 3 1 1 9 2 1 1 2 8 7 2 8 8 0 8 4 9 8 0 7 3 4 2 3 4 1 2 3 4 4 7 3 8 8 8 6 6 0 9 5 7 9 6 0 2 6 0 0 5 0 8 3 4 0 7 6 1 2 4 0 1 9 4 8 3 2 0 7 1 6 4 8 4 3 5 4 8 3 3 9 7 6 8 8 8 4 5 0 5 9 6 2 6 6 2 2 9 1 8 6 7 2 6 3 3 8 4 4 7 5 7 7 2 1 0 3 0 3 7 9 0 9 2 9 1 1 6 0 5 5 0 4 4 7 9 5 3 5 6 3 8 9 2 0 1 3 7 5 0 1 2 0 7 0 9 9 5 1 8 6 5 4 9 9 2 9 9 9 4 0 2 6 3 2 2 0 4 5 6 6 7 4 4 7 5 5 3 2 8 1 3 5 5 0 7 0 8 4 8 1 4 4 0 1 6 3 1 2 5 1 3 5 1 8 3 3 5 6 1 4 1 2 7 4 5 6 0 3 5 0 6 2 6 6 7 2 3 7 7 0 2 3 7 3 4 7 7 7 8 
end solution 3
end try 3
begin try 4
best 5000755 time 15.718750
best 3000758 time 20.093750
best 470 time 24.781250
best 372 time 41.343750
best 329 time 53.171875
best 327 time 60.984375
best 288 time 71.531250
best 280 time 83.484375
best 261 time 105.968750
best 251 time 120.234375
best 246 time 138.875000
best 242 time 142.968750
best 239 time 152.312500
best 235 time 157.171875
best 233 time 162.046875
best 230 time 166.687500
best 229 time 171.203125
best 226 time 176.093750
best 225 time 180.953125
best 224 time 190.390625
best 211 time 195.046875
best 209 time 199.937500
best 208 time 209.796875
best 206 time 214.734375
best 203 time 258.750000
begin solution 4
feasible: evaluation function = 203
31 21 23 4 41 23 38 19 5 41 32 13 0 21 1 13 37 11 41 18 24 38 11 22 43 5 24 30 6 18 17 1 25 31 16 36 25 0 7 41 34 19 19 4 29 18 34 18 27 14 12 42 39 8 28 34 33 30 6 5 29 7 35 17 29 34 3 33 37 2 14 44 29 27 10 25 3 39 20 19 40 0 27 23 38 15 6 36 9 40 36 39 24 30 35 18 12 13 36 40 31 29 22 2 11 37 32 41 16 39 3 19 27 10 35 30 7 1 16 34 33 11 31 12 23 38 37 36 20 15 36 25 17 0 18 16 32 1 33 42 11 13 9 9 39 43 0 21 37 18 24 32 42 30 39 10 33 32 37 15 0 40 20 16 19 34 10 5 13 31 6 37 40 21 41 3 21 43 3 15 14 4 7 25 39 4 22 9 28 15 10 20 36 5 13 28 37 18 4 11 6 38 13 12 42 15 21 23 1 27 31 6 31 21 40 24 12 20 28 9 34 2 43 25 27 24 32 5 18 34 22 9 26 27 24 28 31 3 13 19 32 19 38 7 1 22 37 11 9 9 23 3 32 28 12 4 6 20 28 2 24 7 33 25 36 20 15 27 33 26 40 14 43 6 12 24 39 8 12 16 20 7 16 42 38 34 22 28 43 6 2 2 14 29 10 31 30 37 12 2 22 3 3 21 15 21 32 23 16 28 15 30 23 6 14 0 10 9 27 0 30 41 38 23 42 20 7 33 34 41 40 25 18 43 33 40 11 42 14 19 4 25 21 13 38 42 17 41 17 0 15 30 11 2 19 16 11 25 33 2 31 22 3 12 42 14 29 1 24 39 4 43 7 29 7 14 10 14 4 28 27 26 9 42 29 22 30 5 23 36 5 5 43 39 16 36 22 32 43 1 
2 8 8 5 1 2 4 2 5 7 8 9 5 0 4 3 5 9 0 1 7 5 1 8 6 9 2 1 5 6 2 9 6 7 9 0 9 0 3 5 2 7 4 6 1 7 6 9 7 8 6 9 4 2 0 4 6 6 4 4 7 7 6 1 8 7 1 9 8 2 5 6 4 1 4 1 8 2 9 3 0 9 5 9 2 5 3 2 0 1 4 3 0 7 2 8 7 4 8 7 3 9 4 9 6 0 1 6 0 6 6 9 2 8 3 8 8 0 7 1 5 7 8 8 0 9 7 6 1 2 5 0 5 1 5 2 0 7 8 8 0 8 3 4 7 0 6 4 1 3 4 3 1 9 9 2 1 5 9 8 7 2 8 8 0 8 7 0 0 0 7 3 4 2 3 4 1 2 3 4 4 7 1 8 8 8 6 6 1 9 5 4 9 6 7 2 6 0 0 8 0 8 2 4 0 7 6 1 2 4 6 1 9 3 8 3 2 0 7 1 0 4 8 4 3 5 4 8 2 3 9 7 4 8 8 8 4 5 6 5 9 6 3 9 6 2 2 2 5 8 6 7 2 6 3 2 8 6 4 7 9 5 7 2 1 7 3 0 3 0 9 0 9 2 9 1 5 6 0 5 5 6 4 4 7 9 5 3 5 6 3 8 9 2 0 5 3 4 5 0 1 2 0 7 0 9 6 5 1 9 6 5 4 9 7 2 9 9 9 4 0 2 6 3 2 2 0 4 5 4 6 7 4 4 0 5 5 3 2 8 1 3 5 5 0 7 0 8 4 8 1 4 4 6 1 6 3 5 2 5 1 3 9 1 5 3 3 5 6 1 4 1 2 0 4 1 6 6 3 5 6 6 2 6 6 7 2 3 7 7 7 2 3 0 3 3 0 7 7 8 
end solution 4
end try 4
