begin try 1
best 44 time 0.383509
best 31 time 0.769594
best 30 time 1.165317
best 21 time 2.442958
best 18 time 4.117419
best 16 time 4.952442
best 15 time 5.773194
best 14 time 6.178300
best 13 time 10.610383
best 12 time 11.852019
best 10 time 12.342510
best 9 time 13.529074
best 8 time 17.825803
best 7 time 18.200090
best 6 time 21.653079
best 4 time 27.676262
best 3 time 27.923198
begin solution 1
feasible: evaluation function = 3
31 9 12 7 4 43 38 28 5 11 0 16 39 42 34 5 33 38 14 22 12 1 41 6 37 25 3 3 5 36 28 6 37 16 36 18 1 21 18 31 42 10 15 10 34 27 16 42 41 24 31 43 39 6 14 0 19 34 27 18 1 9 25 36 27 9 18 21 32 19 30 24 14 27 39 24 11 7 7 13 16 22 38 37 12 41 25 31 0 11 36 10 36 15 4 29 28 20 19 1 
3 2 3 1 4 2 3 3 1 1 3 4 0 3 3 4 1 1 4 2 4 3 3 3 0 3 1 2 2 3 1 2 2 2 0 4 0 3 3 1 4 2 2 3 4 2 3 1 1 2 0 1 2 1 3 4 1 0 3 2 1 1 1 4 1 0 1 2 1 0 1 3 2 0 1 1 2 3 2 2 0 1 2 1 1 4 0 4 1 0 2 0 1 4 1 1 4 1 4 4 
end solution 1
end try 1
begin try 2
best 43 time 0.380080
best 32 time 0.798799
best 16 time 1.219486
best 12 time 2.398523
best 10 time 3.633527
best 6 time 4.015203
best 5 time 4.436323
best 3 time 4.827369
best 2 time 10.151339
begin solution 2
feasible: evaluation function = 2
1 38 19 20 21 42 37 32 22 38 2 34 31 3 18 3 4 37 12 28 30 41 21 18 0 5 27 28 36 20 0 43 33 19 27 36 21 24 40 30 2 3 20 27 43 32 0 39 1 29 5 28 41 2 40 19 37 7 40 39 42 3 24 0 32 2 25 7 9 7 10 33 21 31 6 23 23 6 5 1 7 31 25 18 43 6 9 1 13 27 27 17 36 22 36 40 37 5 22 10 
1 2 3 1 4 2 3 3 1 1 3 4 2 3 3 4 1 2 4 3 4 3 3 2 0 3 1 2 2 0 1 2 2 2 4 4 0 2 4 1 4 2 2 3 4 2 3 1 3 2 0 1 1 1 2 4 1 0 3 2 1 1 1 4 1 0 1 2 1 3 1 1 2 0 1 1 2 3 2 2 4 1 2 1 1 4 0 4 1 0 2 0 3 2 1 1 4 1 4 3 
end solution 2
end try 2
begin try 3
best 29 time 0.400014
best 25 time 1.234124
best 23 time 2.838482
best 21 time 3.676224
best 20 time 4.471317
best 16 time 5.323798
best 15 time 5.741781
best 14 time 8.322205
best 12 time 8.746890
best 10 time 9.149531
best 9 time 9.967836
best 8 time 11.149693
best 7 time 13.021529
best 6 time 13.415227
best 5 time 26.360535
best 4 time 55.940213
begin solution 3
feasible: evaluation function = 4
28 34 10 29 27 2 34 32 32 40 19 4 40 0 1 34 34 36 18 42 40 4 43 13 36 23 21 30 5 28 33 18 13 24 13 7 36 41 23 24 16 31 43 7 38 27 16 22 21 30 1 6 38 28 12 1 10 28 3 7 1 25 6 43 27 23 4 9 31 24 7 27 12 2 0 37 6 38 38 28 40 30 41 43 20 15 22 12 31 25 36 12 40 9 18 9 31 19 0 20 
3 2 3 1 4 2 3 3 1 1 3 4 0 3 3 4 1 1 4 2 4 3 3 1 3 4 1 2 2 4 1 2 2 2 0 4 0 3 3 1 4 2 2 3 4 2 3 1 3 4 0 1 1 1 3 4 1 0 1 2 1 1 3 4 1 0 1 2 1 0 1 3 2 0 1 1 2 3 2 2 2 1 2 1 1 1 0 4 4 0 2 0 3 4 1 1 3 1 4 3 
end solution 3
end try 3
begin try 4
best 39 time 0.389446
best 31 time 0.788167
best 17 time 1.578620
best 14 time 2.786073
best 8 time 3.176045
best 7 time 3.627375
best 6 time 4.013365
best 5 time 10.431132
begin solution 4
feasible: evaluation function = 5
5 13 3 36 37 16 20 10 24 39 2 22 5 21 16 34 9 3 32 4 7 22 18 39 1 31 27 14 24 2 42 20 1 0 24 18 31 11 9 0 30 21 37 6 23 10 0 40 7 16 16 18 1 1 2 36 3 30 13 25 12 5 25 0 10 6 21 33 19 42 13 9 43 38 4 25 24 7 15 23 40 16 40 41 22 33 19 15 1 33 39 5 28 2 37 28 38 14 43 34 
3 2 3 1 4 2 3 3 1 1 3 4 0 3 3 4 1 2 4 2 4 3 3 3 0 3 1 2 2 0 1 2 2 2 0 2 0 2 4 1 4 2 2 3 4 2 3 1 3 4 0 1 3 1 2 4 1 0 3 2 1 1 3 4 1 0 1 2 1 0 1 3 2 0 1 1 3 1 2 2 0 1 2 1 1 1 0 4 4 0 2 2 3 4 1 1 3 1 4 3 
end solution 4
end try 4
begin try 5
best 31 time 0.393887
best 29 time 1.559145
best 21 time 2.348926
best 17 time 3.937093
best 14 time 4.347325
best 13 time 4.736996
best 12 time 5.137714
best 10 time 5.534055
best 8 time 6.693022
best 7 time 7.081310
best 6 time 7.473138
best 5 time 9.619132
best 4 time 9.948184
best 3 time 10.551540
best 2 time 13.362660
best 1 time 13.594384
begin solution 5
feasible: evaluation function = 1
7 29 6 28 13 4 34 28 32 25 6 27 12 31 24 16 29 24 10 23 19 4 14 19 9 34 38 9 2 34 9 39 21 34 37 16 5 12 5 7 3 18 12 1 1 27 2 14 27 3 23 33 22 11 36 20 3 15 34 15 4 24 0 18 27 9 6 32 2 29 18 29 1 15 12 16 0 21 22 7 1 23 13 5 20 32 41 5 33 7 33 23 10 31 15 0 19 10 25 36 
3 2 4 1 4 2 3 3 1 1 3 4 0 3 3 4 1 2 4 2 4 3 3 1 3 4 1 2 2 0 1 2 2 2 0 2 0 3 3 1 4 2 2 3 4 2 3 1 3 2 0 1 1 1 2 4 1 0 1 2 1 1 3 4 1 0 1 2 1 0 1 3 2 4 1 1 2 1 2 2 0 1 2 1 1 4 0 4 4 0 2 3 3 2 1 1 3 1 4 3 
end solution 5
end try 5
begin try 6
best 39 time 0.432270
best 36 time 1.235884
best 22 time 1.624689
best 13 time 3.282003
best 11 time 4.078133
best 8 time 4.497600
best 7 time 4.909305
best 5 time 6.090337
best 4 time 6.502134
best 3 time 6.885398
best 2 time 7.545164
best 1 time 8.177822
begin solution 6
feasible: evaluation function = 1
11 37 29 9 16 36 15 33 13 19 38 18 12 12 14 34 38 15 4 42 27 39 27 41 28 31 42 12 18 11 20 34 28 43 31 19 27 25 37 41 35 42 25 43 13 33 36 23 24 29 15 12 10 28 2 21 27 31 9 10 37 25 16 9 33 39 10 0 22 16 31 23 21 21 43 39 14 21 19 30 38 15 16 40 18 32 28 41 10 38 20 36 24 7 11 16 7 36 12 13 
3 2 3 1 4 2 3 3 1 1 3 4 0 3 3 4 1 2 4 3 4 3 3 2 3 3 1 2 2 0 1 2 2 2 0 4 0 3 3 1 4 2 2 3 4 2 3 1 1 2 0 1 3 1 2 4 1 4 3 2 1 1 3 4 1 0 1 2 1 0 1 3 2 0 1 1 2 1 2 2 2 1 2 1 1 1 0 4 4 0 2 0 3 2 1 1 3 1 4 3 
end solution 6
end try 6
begin try 7
best 35 time 0.378744
best 33 time 0.763600
best 31 time 2.790546
best 26 time 3.184555
best 23 time 4.407957
best 14 time 5.212606
best 12 time 6.436097
best 11 time 9.313276
best 9 time 9.718827
best 7 time 10.119359
best 5 time 13.512638
begin solution 7
feasible: evaluation function = 5
20 29 20 7 15 36 14 23 13 31 42 27 19 10 38 30 40 28 28 0 2 6 43 37 11 28 41 9 39 44 18 37 5 4 22 43 19 40 18 6 38 34 11 32 19 23 31 5 18 7 16 37 3 16 33 29 19 22 24 12 22 0 25 13 23 28 34 27 10 36 1 40 19 20 24 14 25 15 15 18 22 36 0 2 3 0 13 25 34 18 42 34 9 40 11 4 4 43 20 43 
1 2 3 1 4 2 3 3 1 1 3 4 3 3 3 4 1 1 4 3 4 3 3 3 0 3 1 2 2 0 1 2 2 2 0 2 0 2 4 1 4 2 2 3 4 2 3 1 3 2 0 1 2 1 2 4 1 4 3 2 1 1 1 4 1 0 1 2 1 0 1 3 2 0 1 1 2 1 2 2 2 1 2 1 1 4 0 4 4 0 2 0 1 4 1 1 3 1 4 4 
end solution 7
end try 7
begin try 8
best 36 time 0.388199
best 31 time 0.801692
best 28 time 1.605076
best 20 time 1.998028
best 6 time 3.202458
best 5 time 5.146132
best 4 time 7.298787
best 3 time 7.627730
best 1 time 9.602640
begin solution 8
feasible: evaluation function = 1
10 3 40 41 4 43 24 15 36 25 40 21 24 2 36 2 3 9 15 18 1 37 12 42 41 0 4 18 38 20 23 6 7 36 36 4 40 7 19 14 18 37 9 38 20 15 16 21 12 1 42 1 0 0 20 43 13 9 4 0 37 20 9 23 15 7 22 23 25 25 6 7 2 19 5 18 16 38 40 10 3 19 5 40 10 5 1 12 41 21 25 42 42 9 39 43 29 11 42 37 
3 2 4 1 4 2 3 3 1 1 3 4 0 3 3 4 1 3 4 3 4 3 3 2 0 4 1 2 2 0 1 2 2 2 0 2 0 3 3 1 4 2 2 3 4 2 3 1 1 2 0 1 3 1 2 4 1 0 3 2 1 1 1 4 1 0 1 2 3 0 1 1 2 0 1 1 2 1 2 2 0 1 2 1 1 4 0 4 4 0 2 3 1 4 1 1 3 1 4 4 
end solution 8
end try 8
begin try 9
best 48 time 0.464519
best 40 time 0.856967
best 37 time 1.246556
best 29 time 2.060352
best 26 time 3.298513
best 25 time 4.079684
best 24 time 5.328080
best 19 time 5.729291
best 13 time 6.120339
best 10 time 6.963592
best 9 time 7.358202
best 8 time 7.745687
best 7 time 8.567783
best 5 time 10.424682
best 4 time 13.522569
best 3 time 13.838557
best 2 time 19.608597
begin solution 9
feasible: evaluation function = 2
7 19 1 34 28 23 24 22 25 23 36 12 36 9 12 31 19 1 32 9 18 21 0 4 22 18 4 27 37 31 37 34 5 41 22 37 19 19 22 16 25 4 10 20 33 24 25 39 31 19 4 13 5 15 27 0 0 10 22 42 21 7 18 41 24 5 28 30 16 43 36 29 0 28 20 30 37 13 12 7 23 14 28 41 1 31 34 7 2 20 18 43 10 11 11 27 3 38 6 21 
3 2 3 1 4 2 3 3 1 1 3 4 0 3 3 4 1 2 4 2 4 3 3 3 2 3 1 2 2 0 1 2 2 2 0 4 0 3 4 1 4 2 2 3 4 2 3 1 3 4 0 1 1 1 3 4 1 0 1 2 1 1 1 4 1 0 1 2 3 0 1 1 2 0 1 1 3 3 2 2 0 1 2 1 1 1 0 4 1 0 2 2 1 2 1 1 3 1 4 4 
end solution 9
end try 9
begin try 10
best 45 time 0.459043
best 31 time 0.854130
best 28 time 1.667466
best 23 time 2.514674
best 16 time 3.726595
best 12 time 5.377304
best 11 time 6.188392
best 6 time 7.017710
best 4 time 8.171888
best 3 time 10.023752
begin solution 10
feasible: evaluation function = 3
12 16 9 25 12 10 34 28 31 5 32 4 32 22 19 9 16 19 36 5 25 10 24 42 41 0 6 18 12 33 24 2 13 0 18 16 10 21 2 0 32 30 21 27 28 28 33 36 14 20 18 22 18 18 38 29 9 15 32 9 11 15 13 34 27 22 34 37 25 13 4 21 38 33 29 3 33 30 14 15 28 1 34 30 12 33 25 31 1 7 27 20 31 39 39 10 13 7 37 29 
3 2 3 1 4 2 3 3 1 1 3 4 0 3 3 4 1 1 4 2 4 3 3 1 0 3 1 2 2 4 1 2 2 2 0 4 0 3 3 1 4 2 2 3 4 2 3 1 1 2 4 1 3 1 3 4 1 0 1 2 1 1 1 4 1 0 1 2 3 0 1 1 2 0 1 1 2 3 2 2 0 1 2 1 1 1 0 4 4 0 2 0 3 2 1 1 3 1 4 3 
end solution 10
end try 10
begin try 11
best 38 time 0.413290
best 27 time 0.796093
best 20 time 1.576197
best 17 time 1.964717
best 16 time 2.760619
best 9 time 3.540640
best 8 time 4.751191
best 7 time 5.149861
best 6 time 5.555602
best 5 time 5.942020
best 4 time 6.319073
best 3 time 9.548520
begin solution 11
feasible: evaluation function = 3
11 16 7 42 39 0 37 4 4 13 28 6 9 1 2 16 16 30 4 11 2 6 15 27 33 43 39 36 39 37 27 7 33 38 0 41 31 7 16 12 15 10 41 34 3 6 3 38 5 0 36 1 33 36 42 36 40 38 43 40 0 33 31 5 6 4 28 13 10 0 41 2 42 43 7 30 32 3 1 11 15 9 29 32 29 5 3 9 10 13 30 41 34 2 43 31 17 15 27 13 
1 2 4 1 4 2 3 3 1 1 3 4 0 3 3 4 1 3 4 3 4 3 3 2 0 4 1 2 2 0 1 2 2 2 0 4 0 3 3 1 4 2 2 3 4 2 3 1 3 4 0 1 3 1 3 4 1 0 3 2 1 1 2 4 1 0 1 2 3 3 1 1 2 0 1 1 2 1 2 2 0 1 2 1 1 1 0 4 1 0 2 0 1 2 1 1 3 1 4 3 
end solution 11
end try 11
begin try 12
best 44 time 0.440753
best 41 time 0.828811
best 34 time 1.311140
best 33 time 2.112730
best 32 time 2.516412
best 31 time 3.352066
best 19 time 4.150647
best 18 time 6.689057
best 16 time 7.536791
best 15 time 7.959343
best 14 time 8.807202
best 10 time 9.715159
best 9 time 10.109844
best 7 time 10.495286
best 6 time 19.072968
best 5 time 19.399046
best 4 time 19.631590
begin solution 12
feasible: evaluation function = 4
15 19 31 40 31 33 9 13 13 24 28 18 34 20 11 27 19 31 29 0 23 32 25 16 18 24 28 29 34 1 23 37 27 4 39 12 27 27 1 30 38 21 16 10 16 13 12 6 19 24 36 18 28 21 43 42 29 16 9 11 33 2 10 4 34 15 22 41 18 30 3 31 1 37 15 39 16 29 30 15 18 12 38 41 7 37 20 15 25 1 10 34 23 28 27 42 26 43 14 22 
3 2 3 1 4 2 3 3 1 1 3 4 0 3 3 4 1 2 4 2 4 3 3 1 0 3 1 2 2 4 1 2 2 2 0 2 0 3 3 1 4 2 2 3 4 2 3 1 3 2 0 1 2 1 2 4 1 0 1 2 1 1 1 4 1 0 1 2 3 0 1 1 2 0 1 1 3 3 2 2 2 1 2 1 1 1 0 4 1 0 2 3 3 4 1 1 3 1 4 3 
end solution 12
end try 12
begin try 13
best 39 time 0.421364
best 34 time 0.806717
best 29 time 1.673659
best 24 time 2.486536
best 20 time 2.877050
best 14 time 3.325566
best 12 time 4.571959
best 9 time 5.385572
best 8 time 5.769537
best 7 time 6.193961
best 5 time 7.292891
best 4 time 7.632007
best 3 time 12.364830
begin solution 13
feasible: evaluation function = 3
41 13 2 12 5 38 1 36 0 39 43 20 16 7 37 22 13 40 40 19 6 38 10 25 22 40 7 3 4 26 43 43 15 25 9 41 9 9 11 36 1 7 11 23 2 36 12 37 15 36 14 20 16 21 19 10 3 37 21 41 38 23 9 18 4 20 1 24 0 14 5 6 9 11 10 6 15 39 12 42 15 40 18 14 41 19 18 42 21 42 10 24 16 15 42 24 26 25 14 18 
3 2 3 1 4 2 3 3 1 1 3 4 0 3 3 4 1 2 4 3 4 3 3 3 0 3 1 2 2 0 1 2 2 2 0 4 4 3 3 1 4 2 2 3 4 2 3 1 1 4 0 1 2 1 2 4 1 0 3 2 1 1 1 4 1 0 1 2 3 2 1 3 2 0 1 1 3 3 2 2 0 1 2 1 1 1 0 4 4 0 2 0 1 4 1 1 3 1 4 3 
end solution 13
end try 13
begin try 14
best 33 time 0.403506
best 29 time 0.797864
best 27 time 3.706366
best 24 time 4.178889
best 22 time 5.358935
best 19 time 7.041246
best 18 time 7.437170
best 12 time 7.823972
best 9 time 8.664992
best 8 time 9.456914
best 7 time 11.399849
best 6 time 12.876576
best 4 time 17.210544
best 3 time 19.449047
begin solution 14
feasible: evaluation function = 3
40 9 29 42 15 0 1 39 13 18 9 31 2 21 19 37 37 19 10 43 18 3 36 25 16 28 33 41 16 43 43 13 36 21 31 14 14 39 38 40 1 11 14 33 36 27 15 11 43 41 25 21 23 12 42 9 16 39 37 12 2 7 18 6 39 23 24 29 34 0 31 36 20 20 22 34 16 14 4 40 21 19 30 9 1 12 6 42 11 22 5 6 10 25 15 30 40 25 7 34 
3 2 3 1 4 2 3 3 1 1 3 4 0 3 3 4 1 2 4 2 4 3 3 3 0 3 1 2 2 0 1 2 2 2 0 4 0 2 3 1 4 2 2 3 4 2 3 1 3 4 0 1 1 1 2 4 1 0 3 2 1 1 2 4 1 0 1 2 3 0 1 1 2 0 1 1 3 1 2 2 0 1 2 1 1 4 0 4 4 0 2 2 1 2 1 1 4 1 4 4 
end solution 14
end try 14
begin try 15
best 42 time 0.388253
best 27 time 0.779880
best 24 time 1.625010
best 20 time 2.416957
best 19 time 3.602299
best 16 time 6.019760
best 15 time 6.417693
best 14 time 7.245747
best 13 time 7.643538
best 12 time 8.053467
best 10 time 8.453777
best 9 time 8.871083
best 8 time 11.286996
best 7 time 14.246617
best 6 time 16.171320
best 5 time 16.586892
best 4 time 18.696514
best 3 time 22.296925
begin solution 15
feasible: evaluation function = 3
41 37 12 7 42 29 43 40 30 34 9 27 11 33 0 25 43 1 14 15 34 31 16 34 13 6 4 27 36 19 40 7 5 38 29 38 29 37 28 16 44 33 14 6 4 40 3 39 31 16 15 10 5 13 18 0 36 13 42 30 28 42 33 36 32 21 27 23 12 27 37 39 13 28 14 3 31 20 19 42 30 2 9 0 41 15 9 39 13 18 6 6 10 30 25 9 31 12 43 15 
3 2 4 1 4 2 3 3 1 1 3 4 0 3 3 4 1 1 4 2 4 3 3 2 3 4 1 2 2 0 1 2 2 2 0 4 1 3 3 1 4 2 2 3 4 2 3 1 1 2 0 1 1 1 2 4 1 0 3 2 1 1 1 4 1 0 1 2 3 0 1 3 2 0 1 1 2 1 2 2 0 1 2 1 1 1 0 4 4 0 2 0 3 4 1 1 4 1 4 3 
end solution 15
end try 15
begin try 16
best 40 time 0.390172
best 37 time 0.793962
best 26 time 1.614793
best 19 time 2.478424
best 18 time 3.285935
best 13 time 3.716971
best 11 time 6.225582
best 10 time 8.262889
best 7 time 8.643938
best 6 time 9.797003
best 3 time 14.061015
best 2 time 23.776230
begin solution 16
feasible: evaluation function = 2
34 24 14 34 0 19 29 25 5 16 27 16 36 22 12 3 2 13 43 43 11 20 38 3 39 27 11 32 5 5 7 28 20 1 0 21 13 1 39 28 13 10 27 10 4 7 19 32 7 0 24 18 30 6 16 25 13 31 4 25 20 1 18 29 31 25 27 9 28 30 30 0 18 33 24 0 33 22 23 4 19 19 33 3 4 32 29 9 20 41 30 44 42 40 21 29 31 23 36 6 
3 2 3 1 4 2 3 3 1 1 3 4 0 3 3 4 1 2 4 2 4 3 3 2 0 4 1 2 2 0 1 2 2 2 0 2 0 3 3 1 4 2 2 3 4 2 3 1 3 2 0 1 3 1 2 4 1 0 3 2 1 1 3 4 1 0 1 2 3 0 1 3 2 0 1 1 3 1 2 2 0 1 2 1 1 4 0 4 4 0 2 0 1 2 1 1 3 1 4 3 
end solution 16
end try 16
begin try 17
best 38 time 0.396163
best 29 time 0.799807
best 26 time 2.018126
best 25 time 2.414612
best 22 time 4.077348
best 21 time 4.486992
best 14 time 5.294826
best 13 time 6.112910
best 7 time 6.525781
best 6 time 8.173169
best 5 time 10.166268
best 4 time 11.279401
best 3 time 11.664630
begin solution 17
feasible: evaluation function = 3
18 10 23 42 38 25 31 39 39 7 42 19 22 36 15 20 43 13 11 34 16 20 0 29 28 4 16 18 39 20 24 42 20 7 39 37 25 43 18 4 15 36 3 40 22 24 12 41 24 4 0 21 20 38 37 10 1 27 9 40 25 34 21 43 23 18 5 2 36 23 28 28 22 25 33 13 27 32 21 9 36 12 37 27 40 42 11 18 40 30 30 42 3 29 30 37 14 6 1 36 
1 2 3 1 4 2 3 3 1 1 3 4 0 3 3 4 1 2 4 2 4 3 3 1 0 3 1 2 2 0 1 2 2 2 0 4 0 2 3 1 4 2 2 3 4 2 3 1 3 2 0 1 1 1 3 4 1 0 1 2 1 1 3 4 1 0 1 2 1 0 1 3 2 4 1 1 2 1 2 2 0 1 2 1 1 4 0 4 4 0 2 0 1 2 1 1 3 1 4 4 
end solution 17
end try 17
begin try 18
best 48 time 0.391963
best 36 time 0.791838
best 29 time 1.188802
best 25 time 2.368538
best 24 time 3.551218
best 18 time 3.945479
best 12 time 5.162615
best 11 time 6.356599
best 10 time 7.158723
best 9 time 11.393781
best 8 time 15.060763
best 7 time 15.391130
begin solution 18
feasible: evaluation function = 7
41 37 5 27 34 40 7 4 2 30 25 41 23 33 1 2 7 30 38 14 33 40 16 37 18 18 9 1 42 15 4 2 24 38 40 39 36 31 39 25 44 28 14 20 43 43 36 43 20 31 22 18 24 34 22 15 16 12 11 36 40 15 19 19 23 0 6 10 18 3 28 43 9 40 24 36 25 12 13 41 25 32 27 29 42 31 1 42 20 31 5 24 27 30 22 0 32 37 9 21 
1 2 3 1 4 2 3 3 1 1 3 4 0 3 3 4 1 3 4 3 4 3 3 3 0 4 1 2 2 0 1 2 2 2 4 2 0 3 3 1 4 2 2 3 4 2 3 1 1 2 0 1 3 1 2 4 1 0 1 2 1 1 1 4 1 0 1 2 3 0 1 3 2 0 1 1 2 1 2 2 0 1 2 1 1 1 0 4 4 0 2 0 3 2 1 1 3 1 4 3 
end solution 18
end try 18
begin try 19
best 42 time 0.385712
best 41 time 0.772346
best 36 time 1.159142
best 33 time 1.940979
best 23 time 2.769532
best 16 time 3.544002
best 14 time 4.336607
best 9 time 4.737326
best 8 time 5.504620
best 6 time 5.909501
best 5 time 7.429323
best 4 time 55.752759
best 3 time 56.028001
begin solution 19
feasible: evaluation function = 3
29 0 6 43 37 30 23 27 18 4 41 19 24 1 22 42 0 6 25 21 34 39 19 24 21 5 32 34 19 0 7 3 33 43 7 21 29 31 36 27 22 18 36 5 28 7 2 20 7 5 28 3 25 1 36 40 41 33 43 20 25 42 40 18 28 39 5 37 23 38 2 32 4 38 6 24 40 25 31 29 42 22 21 36 34 19 39 30 40 36 22 20 18 27 37 31 12 30 29 38 
1 2 3 1 4 2 3 3 1 1 3 4 0 3 3 4 1 2 4 3 4 3 3 2 0 4 1 2 2 0 1 2 2 2 0 4 0 3 4 1 4 2 2 3 4 2 3 1 3 2 0 1 2 1 3 4 1 0 3 2 1 1 3 4 1 1 1 2 1 2 1 3 2 0 1 1 2 3 2 2 0 1 2 1 1 1 0 4 1 0 2 0 3 2 1 1 3 1 4 3 
end solution 19
end try 19
begin try 20
best 43 time 0.392570
best 36 time 0.794839
best 32 time 1.188280
best 30 time 2.000516
best 26 time 2.394817
best 25 time 3.640383
best 24 time 4.033615
best 22 time 4.450878
best 16 time 5.277643
best 14 time 6.549865
best 11 time 8.522970
best 10 time 10.926200
best 9 time 11.326119
best 8 time 12.824334
best 7 time 15.893153
best 6 time 20.942214
best 5 time 28.545387
best 4 time 29.064570
best 3 time 29.409286
best 1 time 34.483060
begin solution 20
feasible: evaluation function = 1
22 15 19 22 32 2 1 16 11 18 30 14 27 6 7 1 12 19 28 5 18 3 36 27 1 19 43 23 33 31 34 40 21 14 21 16 22 19 12 24 33 1 42 13 25 16 24 31 34 34 0 5 0 1 18 37 38 30 40 31 0 13 9 10 16 4 10 25 40 28 37 25 6 7 15 25 9 28 30 22 13 7 36 4 27 2 3 23 11 31 20 42 33 11 33 9 8 28 4 36 
3 2 3 1 4 2 3 3 1 1 3 4 0 3 3 4 1 1 4 2 4 3 3 2 0 4 1 2 2 3 1 2 2 2 0 4 0 2 3 1 4 2 2 3 4 2 3 1 3 2 0 1 2 1 2 4 1 0 3 2 1 1 3 4 1 0 1 2 1 0 1 3 2 0 1 1 2 3 2 2 0 1 2 1 1 1 0 4 4 0 2 0 3 2 1 1 3 1 4 4 
end solution 20
end try 20
begin try 21
best 49 time 0.456762
best 38 time 0.872661
best 30 time 1.272974
best 28 time 2.911143
best 26 time 3.301328
best 23 time 4.537804
best 15 time 5.317948
best 13 time 8.634485
best 11 time 9.030212
best 7 time 9.892561
best 6 time 11.861797
best 5 time 17.415829
best 4 time 18.420031
best 3 time 22.491685
best 2 time 22.699065
begin solution 21
feasible: evaluation function = 2
7 43 15 38 40 3 10 9 1 43 38 42 19 32 40 2 3 39 20 36 5 2 15 37 12 4 19 4 0 4 30 20 2 12 36 41 7 14 1 33 32 28 15 5 12 9 12 5 3 37 36 34 10 18 13 38 37 13 41 7 6 42 42 21 9 39 16 1 7 11 23 14 16 37 13 27 43 0 25 41 22 36 11 15 20 0 38 6 18 5 42 8 10 32 39 14 8 4 4 10 
1 2 4 1 4 2 3 3 1 1 3 4 0 3 3 4 1 2 4 2 4 3 3 3 0 3 1 2 2 0 1 2 2 2 0 4 0 2 3 1 4 2 2 3 4 2 3 1 3 2 4 1 2 1 2 4 1 0 1 2 1 1 3 4 1 0 1 2 3 0 1 3 2 0 1 1 3 3 2 2 0 1 2 1 1 1 0 4 4 0 2 0 1 2 1 1 3 1 4 4 
end solution 21
end try 21
begin try 22
best 50 time 0.456287
best 37 time 0.870931
best 35 time 1.257354
best 24 time 2.087387
best 19 time 3.400838
best 17 time 5.000134
best 14 time 5.395058
best 8 time 6.180824
best 7 time 6.584614
best 5 time 6.955124
best 4 time 7.742746
best 3 time 9.269218
best 2 time 12.460151
begin solution 22
feasible: evaluation function = 2
31 19 12 29 19 32 25 29 19 33 27 33 11 16 24 42 9 27 1 15 18 30 43 43 41 32 25 22 10 9 22 11 34 21 15 10 13 9 27 43 28 40 13 18 13 29 23 41 20 43 39 16 25 37 34 30 21 31 11 24 32 14 33 34 28 9 18 16 22 21 24 15 39 12 11 42 10 40 38 31 29 27 36 34 30 39 19 31 39 9 12 4 12 7 13 36 33 38 11 42 
1 2 3 1 4 2 3 3 1 1 3 4 0 3 3 4 1 2 4 2 4 3 3 2 0 3 1 2 2 3 1 2 2 2 0 4 0 2 4 1 4 2 2 3 4 2 3 1 1 4 0 1 2 1 3 4 1 0 3 2 1 1 2 4 1 0 1 2 3 0 1 1 2 0 1 1 3 1 2 2 0 1 2 1 1 1 0 4 4 4 2 0 1 2 1 1 3 1 4 3 
end solution 22
end try 22
begin try 23
best 46 time 0.388763
best 24 time 0.786914
best 20 time 1.993386
best 16 time 2.788417
best 12 time 3.179226
best 10 time 3.594251
best 7 time 4.438148
best 5 time 4.808964
best 4 time 6.264206
best 3 time 9.362948
best 2 time 9.610464
best 1 time 10.542790
begin solution 23
feasible: evaluation function = 1
2 40 7 7 41 6 28 39 3 18 9 23 32 1 43 32 40 0 11 4 37 30 37 0 7 6 21 43 32 10 34 3 4 42 22 34 21 37 12 33 14 19 22 19 2 39 42 10 38 1 40 1 5 31 18 0 37 41 36 27 6 12 0 9 39 40 36 23 9 6 15 40 5 42 13 42 3 29 33 2 13 43 7 4 16 24 12 6 18 3 28 0 28 15 27 25 20 30 34 19 
1 2 3 1 4 2 3 3 1 1 3 4 0 3 3 4 1 1 4 3 4 3 3 2 0 3 1 2 2 0 1 2 2 2 0 2 0 2 3 1 4 2 2 3 4 2 3 1 1 2 0 1 1 1 2 4 1 0 3 2 1 1 3 4 1 4 1 2 1 0 1 3 2 0 1 1 3 1 2 2 0 1 2 1 1 1 0 4 4 0 2 0 1 2 1 1 3 1 4 4 
end solution 23
end try 23
begin try 24
best 33 time 0.422076
best 22 time 1.293883
best 19 time 2.874822
best 15 time 3.743749
best 12 time 4.143204
best 10 time 4.554368
best 3 time 4.945595
best 2 time 5.710506
begin solution 24
feasible: evaluation function = 2
19 34 32 25 13 39 10 22 40 24 41 38 21 37 43 42 34 24 44 34 29 36 33 13 36 24 29 37 40 29 41 15 25 43 9 9 10 16 25 33 28 30 13 29 14 22 20 30 43 12 40 38 31 14 13 15 32 34 12 11 36 28 27 24 22 11 9 31 28 43 15 14 16 13 31 16 40 37 18 19 9 23 21 18 19 9 12 18 31 23 23 21 25 34 42 12 44 27 10 27 
3 2 3 1 4 2 3 3 1 1 3 4 0 3 3 4 1 2 4 3 4 3 3 1 0 3 1 2 2 0 1 2 2 2 0 2 0 3 4 1 4 2 2 3 4 2 3 1 1 2 0 1 3 1 3 4 1 0 3 2 1 1 2 4 1 0 1 2 3 0 1 3 2 0 1 1 3 1 2 2 3 1 2 1 1 4 0 4 4 0 2 3 3 4 1 1 3 1 4 3 
end solution 24
end try 24
begin try 25
best 36 time 0.429418
best 30 time 0.821355
best 29 time 2.099981
best 21 time 2.520124
best 19 time 3.341579
best 16 time 3.740460
best 14 time 4.141264
best 10 time 5.779503
best 8 time 6.678913
best 5 time 7.482723
best 4 time 8.692536
best 3 time 18.092477
begin solution 25
feasible: evaluation function = 3
7 3 11 41 0 2 19 0 20 36 13 15 20 4 41 3 3 12 19 13 6 2 38 41 36 1 6 22 5 20 5 4 1 21 36 5 41 18 5 22 13 38 43 16 21 0 9 0 42 4 39 4 1 23 22 2 12 7 10 25 1 10 24 25 11 14 19 18 42 40 9 39 36 0 15 40 37 16 16 7 38 13 9 38 7 9 42 7 42 37 6 9 43 8 18 14 25 24 43 37 
3 2 3 1 4 2 3 3 1 1 3 4 0 3 3 4 1 2 4 2 4 3 3 2 3 4 1 2 2 2 1 2 2 2 0 4 0 3 3 1 4 2 2 3 4 2 3 1 1 4 0 1 3 1 3 4 1 0 3 2 1 1 2 4 1 0 1 2 3 0 1 1 2 0 1 1 2 1 2 2 0 1 2 1 1 4 0 4 4 0 2 0 1 2 1 1 3 1 4 3 
end solution 25
end try 25
begin try 26
best 23 time 0.401886
best 21 time 1.248537
best 18 time 15.469460
best 14 time 15.872898
best 13 time 16.307480
best 12 time 16.700309
best 11 time 17.163209
best 10 time 17.564340
best 7 time 19.873432
best 6 time 25.472565
begin solution 26
feasible: evaluation function = 6
42 21 2 15 12 40 3 43 39 2 14 27 9 4 39 22 22 38 31 12 5 1 20 10 25 39 37 36 7 6 9 18 6 27 36 43 43 0 13 38 29 31 25 33 16 43 23 16 9 30 7 36 6 32 12 18 20 10 19 41 40 11 33 21 43 41 34 9 24 36 29 0 37 30 42 28 19 10 15 42 23 30 1 6 25 27 25 41 7 31 10 31 14 29 18 19 4 13 9 3 
3 2 3 1 4 2 3 3 1 1 3 4 0 3 3 4 1 2 4 2 4 3 3 1 3 4 1 2 2 0 1 2 2 2 0 4 0 2 3 1 4 2 2 3 4 2 3 1 3 2 0 1 3 1 3 4 1 0 3 2 1 1 1 4 1 0 1 2 1 3 1 1 2 0 1 1 2 3 2 2 0 1 2 1 1 1 0 4 1 0 2 3 1 2 1 1 4 1 4 4 
end solution 26
end try 26
begin try 27
best 48 time 0.382524
best 28 time 0.779539
best 26 time 1.185735
best 22 time 2.440381
best 18 time 3.260558
best 17 time 5.261543
best 16 time 5.673901
best 15 time 6.951571
best 14 time 7.337069
best 13 time 7.729986
best 11 time 8.566787
best 9 time 8.971893
best 7 time 11.704213
best 5 time 12.118431
best 3 time 15.399822
best 2 time 16.297656
begin solution 27
feasible: evaluation function = 2
43 36 41 40 29 33 36 6 38 39 20 0 34 24 2 21 36 3 23 29 27 25 39 27 30 40 4 23 28 6 41 0 31 25 42 28 31 43 30 27 11 22 21 22 37 5 30 23 34 1 3 19 32 3 28 36 34 18 4 18 30 5 18 19 6 2 24 32 27 0 20 42 2 20 31 1 18 42 41 43 24 7 6 32 0 18 34 40 38 1 19 25 38 14 37 29 21 25 34 33 
1 2 3 1 4 2 3 3 1 1 3 4 2 3 3 4 1 2 4 2 4 3 3 2 0 3 1 2 2 0 1 2 2 2 0 4 0 3 4 1 4 2 2 3 4 2 3 1 3 2 0 1 3 1 3 4 1 0 3 2 1 1 1 4 1 0 1 2 3 0 1 3 2 0 1 1 3 1 2 2 0 1 2 1 1 4 0 4 4 0 2 0 3 2 1 1 3 1 4 3 
end solution 27
end try 27
begin try 28
best 43 time 0.390492
best 29 time 0.774043
best 27 time 2.008134
best 24 time 2.795763
best 18 time 3.593024
best 17 time 4.401021
best 15 time 6.032064
best 10 time 6.832734
best 7 time 7.225748
best 5 time 7.618854
best 4 time 8.395151
best 3 time 8.722051
best 2 time 9.750643
best 1 time 11.551681
best 0 time 13.186507
begin solution 28
feasible: evaluation function = 0
41 12 38 3 34 22 2 15 6 30 11 21 25 25 22 19 12 14 43 38 38 24 40 21 36 13 1 30 25 5 5 4 36 9 36 25 43 18 40 15 44 7 32 1 27 16 39 0 4 21 42 20 9 19 37 41 2 19 38 6 22 7 24 4 16 7 21 5 0 16 4 27 14 27 9 18 24 43 43 10 22 14 28 32 42 5 7 42 6 2 1 42 25 36 37 43 41 11 18 9 
1 2 3 1 4 2 3 3 1 1 3 4 0 3 3 4 1 3 4 2 4 3 3 3 3 3 1 2 2 0 1 2 2 2 0 4 0 2 4 1 4 2 2 3 4 2 3 1 3 2 0 1 3 1 2 4 1 0 1 2 1 1 1 4 1 3 1 2 3 0 1 1 2 0 1 1 2 3 2 2 0 1 2 1 1 4 0 4 4 0 2 2 1 4 1 1 3 1 4 4 
end solution 28
end try 28
begin try 29
best 37 time 0.386296
best 34 time 1.195777
best 31 time 2.025618
best 25 time 2.433845
best 18 time 2.850257
best 16 time 5.273366
best 14 time 6.086543
best 13 time 7.695176
best 12 time 8.094039
best 9 time 9.706277
best 8 time 11.222033
best 7 time 13.004997
best 6 time 16.333728
best 5 time 22.124850
best 4 time 26.196458
best 3 time 26.481157
best 2 time 34.697057
begin solution 29
feasible: evaluation function = 2
9 18 22 37 6 23 42 15 36 16 11 9 1 13 33 18 18 22 27 2 19 40 0 19 3 5 31 5 36 42 39 21 24 39 10 3 28 43 5 40 12 25 7 20 14 15 14 20 23 36 18 12 10 41 1 3 3 14 4 0 10 15 19 13 25 7 4 34 43 25 6 18 6 15 1 30 24 12 12 9 40 29 32 24 9 27 36 11 33 11 20 24 14 22 22 32 31 21 16 24 
3 2 3 1 4 2 3 3 1 1 3 4 0 3 3 4 1 2 4 2 4 3 3 2 0 4 1 2 2 0 1 2 2 2 0 2 0 2 3 1 4 2 2 3 4 2 3 1 1 4 0 1 2 1 2 4 1 0 3 2 1 1 1 4 1 0 1 2 1 0 1 3 2 0 1 1 3 3 2 2 0 1 2 1 1 1 0 4 1 0 2 0 1 4 1 1 3 1 4 4 
end solution 29
end try 29
begin try 30
best 40 time 0.421635
best 32 time 1.232326
best 29 time 1.623878
best 24 time 3.214816
best 20 time 3.616326
best 16 time 4.041865
best 13 time 4.883697
best 12 time 6.099828
best 10 time 6.529726
best 9 time 7.316275
best 6 time 7.708314
best 4 time 8.838301
best 2 time 10.573288
begin solution 30
feasible: evaluation function = 2
19 14 0 14 16 9 19 24 18 33 13 33 12 22 3 34 10 6 12 10 9 6 0 7 33 18 9 27 0 4 7 16 1 25 0 25 25 34 15 36 6 11 5 16 30 24 12 24 23 38 15 22 2 42 27 19 25 5 9 10 12 2 21 23 23 41 29 32 13 11 40 32 21 40 15 27 1 37 36 19 19 30 13 1 4 7 43 18 1 11 7 10 38 14 43 21 28 37 5 3 
1 2 4 1 4 2 3 3 1 1 3 4 0 3 3 4 1 1 4 3 4 3 3 3 0 3 1 2 2 0 1 2 2 2 0 4 0 2 3 1 4 2 2 3 4 2 3 1 3 2 0 1 2 1 3 4 1 0 3 2 1 1 3 4 1 0 1 2 1 3 1 1 2 0 1 1 3 3 2 2 0 1 2 1 1 4 0 4 4 0 2 0 1 4 1 1 3 1 4 4 
end solution 30
end try 30
