begin try 1
best 19 time 0.375000
best 8 time 0.734375
best 7 time 1.109375
best 3 time 1.468750
best 2 time 2.796875
best 1 time 3.125000
best 0 time 8.281250
begin solution 1
feasible: evaluation function = 0
40 18 28 33 42 11 3 11 18 3 23 25 23 34 5 34 12 11 37 6 20 9 43 25 40 21 32 36 20 25 22 39 24 0 25 0 21 6 13 9 36 41 14 30 32 4 9 4 1 41 12 15 19 40 27 25 41 1 20 36 16 30 10 39 22 36 36 38 21 37 9 38 0 42 27 21 40 31 15 7 12 1 3 23 16 7 2 29 28 41 15 13 42 14 18 18 27 19 33 18 
1 0 0 0 0 3 3 0 1 1 1 3 3 1 1 4 3 1 0 1 1 1 0 0 0 0 0 4 4 4 3 3 4 2 2 1 4 3 4 4 1 2 3 1 4 0 0 1 0 0 0 3 3 3 4 1 3 3 3 0 3 0 0 1 0 3 2 0 2 1 3 3 0 1 1 1 4 1 1 3 4 1 0 4 0 0 0 1 1 1 0 3 3 0 4 3 3 0 1 2 
end solution 1
end try 1
begin try 2
best 15 time 0.359375
best 14 time 1.093750
best 11 time 1.468750
best 7 time 1.828125
best 6 time 2.562500
best 5 time 4.031250
best 4 time 5.750000
best 3 time 6.062500
best 2 time 6.984375
begin solution 2
feasible: evaluation function = 2
43 28 2 31 34 2 22 21 34 12 42 29 41 39 33 19 39 0 20 7 25 24 32 24 36 10 41 18 5 27 4 27 9 37 25 18 6 0 39 4 25 14 16 19 2 37 1 39 7 30 31 1 3 5 37 36 31 6 25 21 36 30 43 1 22 36 11 15 7 20 21 24 28 0 3 30 18 28 21 33 12 0 27 42 25 3 43 5 6 24 7 40 33 37 34 13 38 37 39 14 
1 0 0 1 0 3 3 0 1 0 1 1 1 1 1 4 3 4 0 1 1 2 0 0 0 0 0 0 4 4 3 3 4 0 2 1 4 1 4 4 0 0 3 0 4 1 0 2 3 0 0 3 3 3 4 1 3 3 4 2 3 3 2 1 0 2 0 0 2 1 3 3 2 3 1 1 4 1 1 3 4 0 0 4 3 0 0 1 1 1 0 3 0 2 2 3 1 3 0 1 
end solution 2
end try 2
begin try 3
best 30 time 0.359375
best 14 time 0.718750
best 12 time 1.468750
best 10 time 2.187500
best 7 time 2.921875
best 5 time 3.296875
best 2 time 5.734375
best 1 time 6.484375
begin solution 3
feasible: evaluation function = 1
30 23 13 0 7 20 37 11 29 17 42 16 36 4 43 25 12 0 9 39 40 21 39 36 7 10 36 18 18 16 27 43 14 28 27 37 23 4 32 2 10 22 3 32 19 13 4 33 18 24 9 1 0 19 21 18 2 6 40 28 15 32 28 6 30 15 6 31 20 33 30 22 39 28 34 24 6 21 0 31 7 2 40 42 28 27 37 27 19 9 0 34 13 30 10 25 10 43 25 25 
1 0 2 2 0 3 3 0 1 0 1 1 1 1 1 4 0 4 2 1 1 0 0 0 3 0 3 2 3 4 3 3 4 1 0 1 4 3 4 4 1 0 3 1 4 1 0 0 0 0 0 3 3 3 4 1 3 3 3 0 3 0 2 1 0 0 0 0 0 1 3 3 2 4 1 1 4 1 1 3 4 0 0 4 3 2 0 1 1 1 0 3 0 2 2 3 3 0 0 1 
end solution 3
end try 3
begin try 4
best 25 time 0.343750
best 18 time 0.718750
best 7 time 1.078125
best 6 time 1.796875
best 5 time 2.500000
best 4 time 3.218750
best 3 time 3.531250
best 2 time 4.171875
best 1 time 5.718750
begin solution 4
feasible: evaluation function = 1
30 30 41 10 5 11 25 10 4 33 33 36 33 21 24 39 41 29 25 23 34 30 6 2 12 2 21 6 0 5 7 5 34 18 2 19 23 20 16 28 38 19 32 27 14 18 42 29 40 22 3 4 3 1 9 22 12 27 31 23 30 9 18 16 13 13 16 24 4 2 27 9 0 14 27 28 7 0 43 20 31 12 14 33 2 20 19 11 1 6 25 29 0 0 23 32 18 15 27 28 
1 0 1 1 0 3 3 0 1 0 1 1 3 1 1 4 0 1 1 1 1 2 0 0 0 4 0 2 3 4 3 3 4 2 2 1 4 1 4 4 0 2 3 2 4 0 0 0 0 0 0 3 3 3 4 1 3 3 3 0 3 0 1 1 1 0 0 0 0 1 4 3 2 1 1 1 4 1 1 3 4 1 0 4 3 0 0 1 1 1 0 3 0 4 2 4 3 0 0 0 
end solution 4
end try 4
begin try 5
best 10 time 0.343750
best 5 time 0.718750
best 3 time 1.046875
best 1 time 1.281250
best 0 time 2.203125
begin solution 5
feasible: evaluation function = 0
12 40 36 22 43 42 15 2 14 25 31 9 31 16 19 42 24 27 38 36 28 30 37 28 22 28 30 1 1 25 34 25 15 23 3 33 30 43 20 33 18 13 30 3 10 21 25 40 11 10 39 11 37 9 27 21 39 13 29 10 12 6 1 7 4 22 18 9 4 28 4 40 24 2 18 34 12 15 27 19 32 9 39 31 21 11 43 39 37 0 23 41 24 27 23 33 29 32 33 7 
1 0 0 2 3 3 3 0 1 1 1 1 3 1 1 4 0 3 0 1 1 1 0 0 0 3 0 0 3 4 3 3 4 2 1 1 4 1 4 4 2 0 3 0 4 2 0 1 0 0 0 3 3 3 4 1 4 3 3 1 3 0 1 1 0 1 0 2 1 4 3 3 1 1 1 1 4 1 1 3 4 0 3 4 0 1 0 1 1 1 0 3 3 0 1 3 1 0 0 0 
end solution 5
end try 5
