begin try 1
best 28 time 0.359375
best 17 time 0.718750
best 12 time 1.812500
best 10 time 2.906250
best 9 time 3.265625
best 6 time 3.625000
best 4 time 4.328125
best 1 time 4.671875
best 0 time 4.953125
begin solution 1
feasible: evaluation function = 0
28 24 10 16 14 29 7 22 27 41 36 9 28 25 9 0 6 7 18 39 15 1 27 31 42 11 4 27 2 10 33 27 10 42 43 30 12 33 9 2 9 12 21 0 13 33 14 3 32 20 5 28 19 36 15 11 43 10 19 5 13 32 4 10 31 32 42 30 12 24 33 16 3 1 9 18 1 41 13 6 40 1 30 29 30 23 12 37 34 4 5 34 40 4 6 38 18 40 12 39 
4 0 1 3 0 4 3 4 2 1 3 3 2 3 4 0 4 4 4 3 0 0 4 4 0 4 2 3 0 2 0 0 4 2 1 4 0 3 0 4 2 1 0 4 0 1 4 4 4 0 1 0 0 4 4 3 0 0 2 2 3 3 4 3 0 0 4 3 3 2 4 4 0 3 1 0 4 0 1 0 1 1 0 0 2 0 2 4 2 3 0 0 4 0 3 3 1 0 4 0 
end solution 1
end try 1
begin try 2
best 36 time 0.343750
best 13 time 0.703125
best 8 time 1.796875
best 3 time 2.156250
best 2 time 2.843750
best 1 time 4.000000
best 0 time 5.218750
begin solution 2
feasible: evaluation function = 0
39 6 21 33 7 20 36 32 28 40 39 30 32 0 16 15 22 0 5 3 29 33 21 31 37 16 6 27 43 21 7 5 15 28 28 18 23 21 5 43 15 23 33 2 10 9 39 25 12 6 39 19 3 37 30 33 31 13 18 34 15 27 14 9 12 2 40 24 25 24 18 23 9 23 37 20 36 1 14 1 0 1 18 2 4 11 25 34 25 24 38 11 28 27 12 29 4 12 41 15 
0 0 1 4 1 4 3 4 0 0 3 3 0 3 4 0 4 4 4 3 0 0 4 4 0 3 2 3 0 0 0 0 4 2 1 4 0 3 1 4 2 1 1 4 0 1 4 4 4 1 1 0 0 4 4 3 0 0 2 0 3 4 4 3 1 0 4 0 0 2 3 4 0 3 1 0 4 0 0 3 0 1 0 1 0 1 1 4 2 3 0 0 4 0 3 3 1 0 0 1 
end solution 2
end try 2
begin try 3
best 22 time 0.343750
best 10 time 0.718750
best 9 time 1.781250
best 7 time 2.125000
best 4 time 2.453125
best 3 time 3.515625
best 2 time 4.265625
best 0 time 7.359375
begin solution 3
feasible: evaluation function = 0
21 19 22 10 11 23 6 7 24 16 34 0 10 23 18 3 9 34 33 0 4 13 1 5 19 27 20 15 33 34 24 20 21 33 7 30 22 14 22 19 0 27 1 25 32 3 16 10 2 15 21 34 19 11 1 32 24 5 31 23 18 31 28 9 33 1 27 22 30 4 25 29 0 6 30 32 4 7 29 3 12 16 6 28 18 27 27 13 18 7 12 14 3 29 30 29 4 10 15 28 
0 0 1 3 0 4 3 4 2 0 3 4 2 3 4 0 4 4 4 3 0 0 3 4 2 3 2 3 0 2 0 0 4 2 1 4 4 3 0 4 2 1 1 4 0 1 4 4 4 1 1 0 3 4 4 3 3 0 0 0 3 3 4 3 1 0 4 3 0 2 0 4 0 4 1 4 4 0 1 3 1 1 0 1 2 0 2 4 0 3 0 0 4 0 3 3 1 0 0 0 
end solution 3
end try 3
begin try 4
best 26 time 0.359375
best 25 time 0.718750
best 17 time 1.078125
best 15 time 1.781250
best 12 time 2.140625
best 10 time 2.859375
best 7 time 3.578125
best 6 time 3.937500
best 4 time 4.296875
best 3 time 4.984375
best 2 time 7.046875
best 1 time 8.218750
begin solution 4
feasible: evaluation function = 1
18 25 31 23 24 40 36 14 21 30 19 16 9 13 16 19 15 13 24 9 32 41 39 39 30 33 39 18 40 21 18 9 19 42 10 9 11 22 16 29 24 33 24 22 12 39 31 41 43 19 18 23 28 23 20 33 20 39 11 25 28 12 34 38 15 34 28 25 11 18 14 10 42 13 23 27 36 36 28 38 10 9 20 11 13 40 30 25 21 38 37 16 42 27 24 37 15 43 22 21 
4 0 0 3 0 4 3 4 0 1 3 3 2 3 4 0 4 4 4 3 0 0 3 4 2 4 2 3 0 4 0 0 4 2 0 4 0 3 1 4 2 0 1 4 0 1 4 4 4 1 1 0 0 4 4 3 3 0 2 1 3 3 4 3 1 0 4 3 3 2 0 4 0 0 1 4 4 0 1 0 1 1 0 1 2 1 0 4 2 4 0 0 4 0 3 3 0 0 0 1 
end solution 4
end try 4
begin try 5
best 20 time 0.343750
best 8 time 0.718750
best 7 time 1.421875
best 6 time 1.781250
best 4 time 2.140625
best 3 time 2.484375
best 2 time 3.765625
best 0 time 4.437500
begin solution 5
feasible: evaluation function = 0
31 42 37 33 43 10 2 3 11 41 5 7 27 16 38 40 7 34 29 3 1 3 1 2 28 41 0 14 30 13 15 4 40 7 33 31 9 36 7 16 43 0 6 4 2 42 28 37 41 36 40 16 10 1 42 0 10 6 28 34 9 31 30 6 1 12 32 11 30 38 33 33 11 6 29 34 39 29 38 34 7 43 27 28 9 32 13 27 41 43 0 0 43 36 38 4 13 37 39 32 
0 0 1 3 0 4 3 4 2 1 3 3 2 3 4 0 4 4 4 3 0 0 3 4 0 3 2 3 0 2 0 0 4 2 1 4 0 3 1 4 2 1 1 4 0 1 4 4 4 1 1 0 3 4 4 3 0 0 2 1 3 3 4 3 1 0 4 3 3 0 0 4 0 4 1 0 4 0 1 3 0 1 0 1 2 0 0 4 0 3 4 0 4 0 3 3 1 0 0 1 
end solution 5
end try 5
