begin try 1
best 28 time 0.406250
best 15 time 0.796875
best 5 time 1.171875
best 4 time 1.515625
best 3 time 2.765625
best 1 time 3.687500
best 0 time 3.968750
begin solution 1
feasible: evaluation function = 0
14 16 11 12 7 18 23 27 28 24 24 31 21 25 13 18 30 33 23 10 21 19 22 27 31 29 4 15 30 15 29 20 27 14 32 24 29 11 22 14 28 18 19 10 21 33 27 13 20 23 27 15 31 14 20 16 23 33 5 34 12 28 8 22 12 33 25 34 13 6 34 19 18 10 31 11 9 16 21 12 16 21 25 13 2 19 11 15 5 23 24 9 32 28 20 10 29 9 25 11 
4 4 4 1 0 2 0 4 0 2 1 4 0 2 1 4 4 3 3 0 4 4 0 3 0 3 0 0 0 4 1 1 2 1 0 4 2 0 2 0 3 1 0 1 1 0 0 0 2 2 1 1 1 2 0 0 4 1 0 1 2 2 0 1 0 2 4 0 4 0 4 2 0 2 2 1 0 1 2 4 2 3 1 2 0 1 2 2 1 1 0 2 1 1 4 4 0 1 0 3 
end solution 1
end try 1
begin try 2
best 19 time 0.390625
best 9 time 0.765625
best 3 time 1.125000
best 2 time 1.375000
best 1 time 1.578125
begin solution 2
feasible: evaluation function = 1
5 22 39 36 21 43 40 43 23 22 36 41 4 6 40 2 3 23 22 27 18 40 6 5 3 3 4 5 3 7 5 42 42 20 32 0 20 41 39 24 40 19 36 16 41 25 40 33 41 37 7 1 4 0 39 2 37 37 17 38 32 0 16 1 38 37 38 38 1 20 36 4 24 21 36 18 21 18 18 24 6 6 20 37 12 43 23 23 27 20 22 19 2 0 25 0 41 43 25 33 
4 4 4 3 2 0 2 4 0 1 2 4 2 2 1 4 4 3 2 0 4 4 1 2 0 1 1 0 2 4 1 1 0 2 1 0 0 3 1 0 3 1 0 0 1 0 0 0 2 3 0 1 0 3 0 0 4 1 0 1 0 2 1 0 0 2 4 2 2 3 4 3 1 1 1 0 0 1 2 4 0 3 1 0 0 1 2 1 1 4 0 0 1 1 4 4 0 2 1 1 
end solution 2
end try 2
begin try 3
best 20 time 0.375000
best 12 time 0.765625
best 7 time 1.140625
best 6 time 1.890625
best 4 time 2.265625
best 1 time 2.640625
best 0 time 2.890625
begin solution 3
feasible: evaluation function = 0
28 27 40 38 8 1 37 3 25 22 20 42 38 38 22 37 24 17 36 24 43 5 27 28 25 28 18 0 27 0 25 19 22 36 35 1 40 31 5 29 23 37 39 2 5 37 34 18 5 22 19 7 39 40 31 41 2 42 4 20 28 20 43 6 7 2 22 21 36 40 39 33 42 43 3 34 2 6 30 4 27 19 33 19 9 0 4 4 18 41 36 23 18 21 6 18 43 31 33 16 
4 4 4 1 0 0 0 4 0 0 0 4 2 0 1 4 4 0 3 0 4 4 1 1 2 0 3 0 2 4 1 0 2 2 0 1 0 2 0 0 0 1 0 0 1 2 1 0 2 3 1 1 1 2 0 0 4 1 2 1 2 2 2 0 0 1 4 0 1 1 4 2 0 1 0 0 2 1 0 4 0 3 1 2 0 1 1 0 2 1 0 1 1 1 4 4 0 1 0 0 
end solution 3
end try 3
begin try 4
best 21 time 0.375000
best 11 time 0.765625
best 8 time 1.156250
best 4 time 1.531250
begin solution 4
feasible: evaluation function = 4
43 18 11 13 31 25 42 21 42 41 22 28 23 39 18 22 41 33 39 28 9 10 25 22 23 42 32 37 15 38 31 24 32 12 18 23 34 29 4 21 0 43 40 35 19 12 38 33 3 18 20 37 2 40 9 18 13 27 25 24 11 27 17 27 39 29 0 33 19 24 27 12 10 40 9 39 43 42 24 19 41 19 22 16 27 21 19 36 31 14 43 36 30 28 25 39 29 37 21 16 
4 4 4 0 0 0 2 4 1 1 0 4 2 0 1 4 4 2 3 0 4 4 1 2 0 3 0 0 0 4 1 0 1 0 3 1 0 0 0 0 0 1 0 0 0 1 0 0 0 2 0 1 0 1 0 0 4 1 2 1 0 0 0 2 2 1 4 1 1 3 4 2 0 2 1 1 2 0 2 4 0 3 1 0 3 1 2 0 2 1 0 1 1 1 4 4 2 2 2 1 
end solution 4
end try 4
begin try 5
best 30 time 0.375000
best 17 time 0.765625
best 14 time 1.140625
best 12 time 1.906250
best 8 time 2.281250
best 6 time 3.781250
best 4 time 4.890625
best 3 time 5.890625
best 2 time 8.687500
best 1 time 9.718750
begin solution 5
feasible: evaluation function = 1
39 37 9 14 13 1 16 3 40 42 4 4 2 37 25 16 18 20 37 9 12 43 15 3 0 5 36 36 5 7 3 9 16 14 22 4 7 27 2 36 4 1 10 35 25 15 40 12 11 23 5 6 0 7 16 39 40 39 13 19 9 2 33 14 36 12 10 40 12 1 2 1 9 41 43 42 41 23 42 0 37 36 11 38 32 0 0 43 43 11 14 39 7 5 42 1 43 3 11 17 
4 4 4 3 0 0 2 4 2 0 1 4 1 0 1 4 4 0 1 0 4 4 0 2 0 3 0 1 2 4 1 1 0 1 0 0 0 0 0 2 2 1 0 0 0 1 0 0 2 0 0 1 3 2 1 0 4 1 1 1 3 2 0 2 4 2 4 1 1 2 4 3 2 1 2 1 0 1 2 4 2 3 1 0 0 1 2 1 3 4 0 2 1 1 4 4 0 0 0 0 
end solution 5
end try 5
