begin try 1
best 44 time 0.359375
best 31 time 0.703125
best 30 time 1.046875
best 21 time 2.093750
best 18 time 3.500000
best 16 time 4.203125
best 15 time 4.906250
best 14 time 5.265625
best 13 time 9.062500
best 12 time 10.109375
best 10 time 10.453125
best 9 time 11.484375
best 8 time 14.968750
best 7 time 15.296875
best 6 time 18.156250
best 4 time 23.093750
best 3 time 23.296875
begin solution 1
feasible: evaluation function = 3
31 9 12 7 4 43 38 28 5 11 0 16 39 42 34 5 33 38 14 22 12 1 41 6 37 25 3 3 5 36 28 6 37 16 36 18 1 21 18 31 42 10 15 10 34 27 16 42 41 24 31 43 39 6 14 0 19 34 27 18 1 9 25 36 27 9 18 21 32 19 30 24 14 27 39 24 11 7 7 13 16 22 38 37 12 41 25 31 0 11 36 10 36 15 4 29 28 20 19 1 
3 2 3 1 4 2 3 3 1 1 3 4 0 3 3 4 1 1 4 2 4 3 3 3 0 3 1 2 2 3 1 2 2 2 0 4 0 3 3 1 4 2 2 3 4 2 3 1 1 2 0 1 2 1 3 4 1 0 3 2 1 1 1 4 1 0 1 2 1 0 1 3 2 0 1 1 2 3 2 2 0 1 2 1 1 4 0 4 1 0 2 0 1 4 1 1 4 1 4 4 
end solution 1
end try 1
begin try 2
best 34 time 0.328125
best 29 time 0.671875
best 15 time 1.015625
best 12 time 1.343750
best 9 time 1.671875
best 7 time 3.359375
best 6 time 3.687500
best 5 time 4.000000
best 4 time 12.218750
begin solution 2
feasible: evaluation function = 4
14 12 36 18 12 13 9 18 12 19 20 2 42 43 16 42 11 2 32 12 18 13 41 37 18 40 7 24 15 23 20 43 23 19 3 38 39 21 37 1 24 41 25 5 38 1 15 23 6 40 21 3 23 39 22 13 4 9 37 39 13 42 3 19 6 38 37 21 25 19 24 22 10 36 43 40 3 9 9 14 14 16 7 25 15 7 39 14 41 21 36 30 0 41 36 21 33 10 0 38 
1 2 3 1 4 2 3 3 1 1 3 4 0 3 3 4 1 1 4 3 4 3 3 2 0 3 1 2 2 0 1 2 2 2 0 2 0 3 4 1 4 2 2 3 4 2 3 1 3 2 0 1 3 1 2 4 1 0 3 2 1 1 3 4 1 0 1 2 3 0 1 1 2 0 1 1 2 1 2 2 0 1 2 1 1 4 4 4 1 4 2 0 1 4 1 1 3 1 4 3 
end solution 2
end try 2
begin try 3
best 43 time 0.328125
best 36 time 0.687500
best 33 time 1.046875
best 28 time 1.390625
best 21 time 1.734375
best 17 time 3.109375
best 12 time 3.796875
best 10 time 4.140625
best 9 time 5.812500
best 8 time 6.156250
best 7 time 7.375000
best 6 time 10.203125
best 5 time 15.437500
best 4 time 15.984375
best 3 time 21.187500
begin solution 3
feasible: evaluation function = 3
13 31 13 43 29 37 16 10 15 21 42 18 10 30 9 12 31 34 15 40 9 28 27 32 38 38 16 34 40 21 13 14 16 33 20 29 41 41 12 38 7 19 43 19 40 11 29 39 11 16 10 27 12 20 18 28 40 34 36 9 37 36 32 27 11 42 19 28 39 31 14 31 10 25 12 34 24 22 30 25 18 9 22 32 25 28 40 33 1 9 13 15 43 2 29 23 26 33 43 7 
3 2 4 1 4 2 3 3 1 1 3 4 4 3 3 4 1 3 4 3 4 3 3 2 0 3 1 2 2 0 1 2 2 2 0 2 0 2 3 1 4 2 2 3 4 2 3 1 3 4 0 1 2 1 2 4 1 0 3 2 1 1 3 4 1 0 1 2 3 0 1 3 2 0 1 1 2 1 2 2 0 1 2 1 1 1 0 4 1 0 2 0 3 2 1 1 3 1 4 3 
end solution 3
end try 3
begin try 4
best 42 time 0.343750
best 34 time 0.687500
best 30 time 1.031250
best 28 time 1.375000
best 25 time 2.062500
best 17 time 2.765625
best 14 time 3.109375
best 9 time 3.812500
best 8 time 4.156250
best 6 time 4.500000
best 4 time 4.843750
best 3 time 5.859375
begin solution 4
feasible: evaluation function = 3
38 31 2 37 41 36 15 41 13 14 43 15 31 1 42 39 39 42 26 16 30 30 6 37 3 43 0 16 40 15 28 14 34 7 16 42 31 11 37 43 23 10 0 10 2 41 33 34 7 33 27 1 36 40 28 37 7 0 29 13 33 31 29 9 41 15 10 1 4 28 3 39 6 41 2 32 14 11 30 38 14 42 9 29 27 27 36 28 34 1 27 34 32 17 12 11 44 4 31 27 
1 2 3 1 4 2 3 3 1 1 3 4 3 3 3 4 1 2 4 3 4 3 3 2 0 4 1 2 2 0 1 2 2 2 0 4 0 2 3 1 4 2 2 3 4 2 3 1 3 2 0 1 1 1 2 4 1 0 3 2 1 1 2 4 1 1 1 2 3 0 1 3 2 0 1 1 3 3 2 2 0 1 2 1 1 4 0 4 4 0 2 0 3 2 1 1 3 1 4 3 
end solution 4
end try 4
begin try 5
best 35 time 0.328125
best 27 time 0.687500
best 25 time 2.078125
best 24 time 2.421875
best 19 time 3.109375
best 18 time 4.140625
best 13 time 4.484375
best 10 time 5.531250
best 6 time 6.218750
best 3 time 6.546875
best 2 time 10.359375
begin solution 5
feasible: evaluation function = 2
42 19 12 2 18 7 9 43 13 21 14 21 14 1 2 36 9 12 24 9 22 7 21 28 18 1 11 23 11 38 6 36 38 28 2 3 22 20 3 28 28 13 18 11 11 15 20 16 31 13 14 0 14 1 24 34 39 25 10 4 7 29 0 10 15 2 37 6 27 6 31 18 1 4 33 4 0 23 22 42 27 3 24 14 30 16 12 25 0 11 10 29 16 8 25 23 44 27 33 7 
1 2 3 1 4 2 3 3 1 1 3 4 4 3 3 4 1 1 4 2 4 3 3 3 0 4 1 2 2 0 1 2 2 2 0 2 0 2 3 1 4 2 2 3 4 2 3 1 3 4 0 1 2 1 3 4 1 0 1 2 1 1 3 4 1 2 1 2 3 0 1 1 2 0 1 1 2 3 2 2 0 1 2 1 1 4 0 4 4 0 2 0 3 2 1 1 3 1 4 4 
end solution 5
end try 5
