begin try 1
best 3000777 time 12.796875
best 1000794 time 14.750000
best 549 time 19.484375
best 456 time 32.921875
best 381 time 49.359375
best 353 time 66.187500
best 344 time 83.890625
best 339 time 97.593750
best 336 time 142.328125
best 333 time 157.203125
best 320 time 162.093750
best 318 time 167.031250
best 311 time 171.703125
best 305 time 191.640625
best 291 time 196.562500
best 286 time 201.546875
best 285 time 211.734375
best 281 time 221.968750
best 269 time 227.234375
best 268 time 232.500000
best 265 time 242.953125
best 262 time 248.265625
best 260 time 253.562500
best 257 time 274.593750
best 256 time 279.828125
best 255 time 285.109375
best 254 time 311.281250
best 253 time 316.546875
best 248 time 321.843750
best 244 time 327.140625
best 243 time 332.453125
best 242 time 337.703125
best 241 time 348.265625
best 240 time 358.796875
begin solution 1
feasible: evaluation function = 240
37 30 25 30 32 15 36 1 10 6 6 34 14 36 10 33 17 4 42 9 22 43 36 25 16 36 32 37 31 27 18 18 40 41 0 7 5 23 25 23 43 18 39 13 39 11 35 6 42 11 39 36 10 40 29 41 9 14 11 43 36 13 41 7 16 19 34 40 15 33 19 15 23 29 19 26 7 29 5 27 40 21 0 20 16 24 43 10 41 5 18 30 4 20 44 19 37 3 12 34 29 20 0 9 37 41 23 30 17 17 19 24 21 38 24 12 33 3 39 23 5 31 2 40 24 16 18 15 28 5 23 1 22 42 31 8 32 33 12 23 39 34 27 30 38 12 31 16 10 14 25 41 22 34 40 6 23 39 24 23 7 29 30 37 22 14 9 0 40 14 7 38 18 14 28 42 5 28 2 7 25 0 22 11 21 7 32 24 25 29 1 27 38 19 0 37 26 27 3 2 24 29 3 32 16 34 28 29 13 11 1 9 32 15 26 42 33 1 10 24 4 28 23 41 14 4 21 20 21 34 40 43 44 30 15 25 28 37 20 2 43 14 6 1 36 38 13 9 16 10 6 28 6 42 33 29 13 39 6 35 31 25 16 13 6 13 21 38 4 40 27 21 1 2 20 44 40 31 37 4 32 41 13 15 3 27 18 19 9 34 4 25 3 37 28 16 27 30 18 28 42 0 21 1 4 4 7 9 29 11 30 38 2 43 11 12 43 3 9 9 18 31 5 36 33 5 3 42 43 41 36 22 4 24 12 31 2 0 16 0 14 0 25 10 13 38 38 42 42 11 14 5 6 13 22 33 1 8 20 19 15 31 39 27 22 18 7 3 24 20 39 12 21 33 12 31 7 19 10 41 1 20 32 11 10 20 2 34 3 15 22 34 27 26 37 36 11 32 35 43 
7 3 7 1 3 3 0 4 3 6 5 0 4 7 6 0 3 1 5 4 4 9 3 9 5 4 6 1 4 9 4 6 2 6 0 1 7 9 0 7 4 3 5 6 7 7 2 0 3 0 4 9 0 6 7 9 2 7 6 3 6 3 7 0 2 1 7 7 5 7 0 6 6 5 7 2 9 1 0 1 3 7 9 1 0 2 5 7 5 9 1 0 4 3 3 5 2 8 6 6 2 9 5 7 8 1 2 5 2 6 8 7 3 5 0 7 5 1 1 5 3 2 4 9 8 3 9 7 1 4 0 6 2 4 3 8 8 2 4 1 8 4 2 6 4 1 6 9 4 9 3 2 1 2 0 1 3 2 5 8 5 3 4 3 0 0 5 7 4 1 7 7 7 2 3 9 2 0 2 6 1 4 6 2 6 4 2 9 5 0 9 7 8 2 3 4 6 3 7 6 6 4 0 1 4 8 7 6 7 8 0 3 4 0 1 6 3 2 9 1 2 4 4 0 6 0 1 6 8 9 1 6 1 7 1 2 6 9 2 0 8 5 8 5 8 9 9 6 1 1 7 8 2 7 8 8 5 3 9 5 8 4 8 4 3 0 2 6 7 8 8 0 7 8 4 8 5 7 0 3 7 3 2 2 2 4 2 6 0 1 9 6 3 6 2 7 6 2 8 5 8 2 4 1 6 5 8 9 9 9 8 2 3 1 4 0 2 9 1 8 5 0 6 1 6 8 5 1 7 4 2 3 8 3 2 9 5 8 6 6 3 1 8 2 8 3 1 0 2 1 8 5 4 1 7 4 8 3 0 4 8 5 6 0 8 0 3 6 4 7 0 8 5 1 3 1 2 3 5 8 3 8 9 3 8 5 1 3 4 4 5 5 5 3 5 5 5 5 6 0 
end solution 1
end try 1
begin try 2
best 3000789 time 11.843750
best 1000805 time 14.250000
best 534 time 17.609375
best 434 time 30.093750
best 383 time 47.062500
best 358 time 66.953125
best 317 time 88.484375
best 315 time 127.031250
best 313 time 158.828125
best 308 time 164.046875
best 294 time 174.203125
best 281 time 184.156250
best 273 time 194.671875
best 265 time 204.671875
best 257 time 209.984375
best 251 time 220.515625
best 249 time 225.812500
best 247 time 231.187500
best 246 time 241.890625
best 244 time 252.546875
best 240 time 257.890625
best 236 time 268.609375
best 235 time 273.984375
best 231 time 279.375000
best 230 time 284.718750
best 228 time 295.437500
best 227 time 300.812500
best 226 time 306.171875
begin solution 2
feasible: evaluation function = 226
1 32 22 33 22 1 22 41 31 40 7 24 16 42 37 11 33 42 13 15 4 33 43 3 20 9 21 10 3 1 22 9 42 34 10 15 5 25 29 3 27 13 2 9 18 36 11 6 37 21 34 27 27 11 38 28 21 24 41 24 43 29 29 7 39 26 37 18 25 10 7 4 28 3 11 26 23 25 0 28 32 32 7 0 9 38 15 38 35 40 29 19 20 40 12 11 36 14 23 37 36 21 29 0 32 31 36 33 20 0 20 0 10 18 13 6 41 31 22 13 10 23 3 19 12 19 19 14 6 11 33 3 2 29 37 20 26 13 31 42 19 4 41 32 42 41 4 28 34 30 2 5 34 1 16 40 36 28 19 44 31 39 33 6 42 39 2 36 18 30 37 30 28 5 23 29 29 7 11 39 20 24 28 2 30 16 14 12 43 2 14 43 16 21 31 40 10 21 0 6 27 21 25 14 19 22 2 31 27 23 15 21 30 19 24 27 42 34 39 12 18 12 38 20 1 23 28 43 29 2 3 38 17 37 22 11 18 43 28 12 39 21 41 6 10 1 32 32 16 1 9 27 20 21 13 36 5 11 34 8 15 9 0 3 9 27 6 39 5 41 8 34 24 43 25 17 14 36 4 15 41 30 14 24 1 33 9 5 14 18 6 20 31 40 15 16 14 38 8 16 0 43 42 22 13 42 25 31 10 15 44 4 16 33 37 2 16 18 13 7 0 39 23 19 34 25 32 43 23 6 32 18 15 40 6 11 30 1 38 12 5 9 24 23 25 33 39 4 3 10 34 24 43 3 39 41 18 13 14 7 2 22 7 31 30 40 28 29 13 12 7 7 23 19 33 36 24 4 10 0 27 5 5 17 12 9 38 25 25 30 38 34 1 35 36 27 40 37 30 16 
4 3 7 1 3 3 0 4 3 3 5 0 7 7 2 0 6 1 9 7 7 9 3 5 5 9 6 2 4 9 4 6 6 0 0 1 4 9 0 9 4 3 5 3 7 9 2 0 3 0 7 9 0 6 7 7 1 4 6 3 0 3 7 3 2 1 9 9 5 7 9 6 5 0 7 2 4 1 0 1 6 4 7 1 0 1 5 4 0 7 1 4 7 8 3 5 1 3 6 6 0 7 5 9 2 1 2 5 2 6 3 7 3 5 0 7 5 2 6 5 4 1 6 9 6 6 8 7 1 4 0 8 2 4 8 8 8 2 4 2 3 4 2 0 3 1 3 0 4 9 3 2 1 2 0 1 3 2 5 2 5 3 4 3 0 0 6 7 4 1 0 7 4 1 3 9 2 0 1 7 1 9 6 1 2 4 2 9 5 0 9 7 8 2 7 4 6 3 4 6 3 4 0 1 7 8 7 6 7 8 0 8 4 0 1 2 8 2 9 1 2 4 0 0 0 9 9 6 8 9 3 8 1 7 1 8 6 9 3 0 8 5 3 5 8 7 7 8 1 1 7 6 6 9 8 8 5 3 9 5 8 4 3 7 8 1 2 6 9 8 3 3 7 8 7 8 5 4 0 3 7 6 8 6 6 7 2 8 6 1 9 4 8 6 2 9 4 2 2 5 2 2 4 2 6 5 8 9 9 4 8 2 3 2 4 4 2 0 1 2 5 4 0 1 6 2 5 1 7 4 1 3 6 2 8 9 0 8 6 2 3 1 8 2 6 8 1 1 1 1 8 5 4 2 5 0 8 7 0 4 8 5 6 0 8 0 8 6 4 7 1 8 5 2 3 6 2 8 5 8 8 6 7 2 8 5 3 3 4 3 5 5 5 3 5 5 5 5 5 6 
end solution 2
end try 2
begin try 3
best 1000801 time 11.218750
best 500 time 27.562500
best 409 time 50.109375
best 385 time 67.015625
best 376 time 83.968750
best 337 time 97.968750
best 325 time 139.562500
best 315 time 156.812500
best 314 time 195.609375
best 311 time 200.562500
best 304 time 205.750000
best 300 time 221.375000
best 296 time 231.796875
best 294 time 237.062500
best 292 time 242.328125
best 286 time 247.578125
best 282 time 252.781250
best 269 time 258.062500
best 267 time 263.375000
best 264 time 268.640625
best 263 time 273.921875
best 261 time 289.812500
best 257 time 295.078125
best 255 time 305.593750
best 254 time 321.484375
best 253 time 326.796875
best 252 time 332.093750
best 251 time 337.453125
best 250 time 342.812500
best 249 time 358.921875
best 248 time 406.984375
begin solution 3
feasible: evaluation function = 248
13 9 14 4 37 30 23 30 30 42 28 13 12 20 22 42 29 34 22 16 43 27 35 31 41 10 24 30 15 0 24 31 10 20 18 4 4 5 36 1 19 42 2 38 7 33 43 21 8 4 25 18 23 28 9 33 5 34 37 34 6 29 42 15 27 19 6 6 41 10 31 2 36 24 44 26 11 17 39 6 40 5 25 7 18 16 20 19 17 2 27 25 40 13 5 10 3 20 11 20 34 14 23 28 26 38 5 37 21 36 11 19 9 7 16 27 14 34 24 12 1 13 11 9 21 6 22 39 18 37 31 15 29 31 16 27 7 40 39 31 15 37 12 41 20 15 2 6 12 4 23 3 7 1 43 6 1 10 3 10 18 39 36 15 12 42 32 38 21 40 29 7 2 12 25 36 29 9 32 40 23 21 32 42 9 32 41 29 27 1 38 22 3 14 5 11 28 8 39 14 16 34 30 29 0 2 41 39 18 24 41 34 23 0 8 12 12 25 40 25 44 29 3 38 41 0 39 19 0 23 28 16 39 16 24 30 12 10 14 33 37 4 4 16 33 33 23 5 10 40 15 1 36 42 43 22 10 19 7 11 38 22 25 15 32 19 19 24 38 17 31 11 28 13 43 9 1 37 25 18 13 30 37 24 41 28 16 43 5 21 16 23 0 4 31 43 1 13 8 25 33 20 10 36 3 19 36 34 1 24 42 7 43 4 28 14 36 30 33 38 2 22 40 6 25 42 34 33 40 37 18 27 0 22 0 13 38 32 17 22 14 43 40 20 27 7 1 7 14 9 11 33 21 3 21 41 21 27 2 36 39 43 18 9 31 11 5 13 0 28 32 32 6 22 41 21 15 34 38 18 33 9 30 19 6 31 44 28 30 23 5 15 0 37 29 24 42 13 39 27 
7 3 4 2 3 8 0 7 3 4 5 0 7 7 6 0 6 1 5 4 4 9 3 9 1 9 3 1 4 9 4 6 6 0 9 1 7 9 0 7 4 3 5 3 4 9 2 0 6 0 9 7 1 6 9 7 1 7 6 6 0 3 7 0 2 1 7 4 5 7 7 6 5 7 3 2 4 1 0 2 6 7 7 1 0 1 5 9 0 7 1 4 9 3 3 3 1 3 6 6 0 7 5 9 3 1 2 1 2 3 3 7 5 5 0 4 5 2 0 5 6 1 7 7 3 3 9 9 3 0 0 6 2 4 8 8 8 3 4 1 8 9 2 9 4 1 3 9 4 4 8 2 2 2 0 6 3 8 5 2 5 3 7 3 0 6 5 7 7 2 0 7 4 1 3 9 8 4 1 4 2 9 2 1 2 4 2 7 5 0 4 7 8 8 4 2 8 3 7 6 3 4 0 1 7 8 4 6 4 8 0 8 4 0 1 8 3 2 7 1 2 4 0 0 8 1 2 6 8 9 1 6 1 7 1 2 6 0 2 0 8 5 3 5 8 6 7 6 1 1 7 8 6 9 8 8 5 3 9 5 8 4 8 9 3 0 8 6 9 2 3 1 7 8 7 8 5 7 0 2 4 6 2 2 6 4 2 6 0 1 9 6 3 6 2 9 4 2 2 5 4 8 4 1 6 5 8 9 9 9 8 6 3 8 3 0 2 9 1 2 2 0 0 1 6 2 5 2 5 4 1 3 6 3 2 9 6 8 6 2 3 1 8 2 6 3 1 0 1 1 8 5 4 3 5 7 8 7 0 4 8 5 6 0 8 0 8 6 4 0 0 6 5 1 3 6 2 3 5 8 3 6 5 2 8 5 1 2 4 3 5 5 5 5 5 5 5 5 5 0 
end solution 3
end try 3
begin try 4
best 2000755 time 10.859375
best 532 time 25.687500
best 468 time 42.531250
best 390 time 56.687500
best 361 time 75.125000
best 334 time 92.140625
best 331 time 130.781250
best 329 time 149.468750
best 313 time 173.906250
best 286 time 178.828125
best 285 time 188.781250
best 282 time 198.609375
best 278 time 203.562500
best 273 time 213.656250
best 272 time 223.812500
best 268 time 229.046875
best 265 time 234.265625
best 262 time 250.015625
best 261 time 265.734375
best 260 time 271.031250
best 259 time 281.281250
begin solution 4
feasible: evaluation function = 259
29 44 18 31 30 12 16 4 11 20 38 25 1 36 15 15 13 19 29 25 29 32 41 3 38 38 34 14 2 12 39 38 37 22 44 25 30 16 40 9 33 44 27 16 11 9 12 11 31 7 38 21 10 1 29 33 36 5 7 42 37 15 31 34 8 43 33 25 16 23 0 8 24 41 14 21 30 37 34 29 3 43 23 3 43 12 15 22 19 24 4 38 12 7 14 28 42 36 10 15 42 39 22 18 29 7 24 40 8 14 17 30 12 37 19 43 42 36 23 20 18 30 30 18 25 39 28 7 23 25 24 21 29 6 38 26 34 3 3 20 37 37 19 40 23 24 41 27 28 41 22 31 35 18 21 11 3 41 25 20 11 34 39 32 3 1 31 27 27 41 22 41 1 1 4 39 21 40 33 20 25 5 16 13 2 42 9 9 22 12 31 7 40 11 32 5 13 33 37 6 23 42 0 40 6 27 28 27 15 22 4 42 10 6 2 16 18 32 26 22 13 31 28 0 41 12 3 24 13 43 9 23 6 13 10 37 23 36 35 14 42 19 7 34 18 36 14 21 43 9 32 12 6 34 14 35 13 5 38 35 32 15 39 16 2 39 38 10 33 4 5 1 20 20 10 41 21 21 13 9 25 8 22 11 3 19 2 32 30 38 21 11 15 33 25 16 19 0 1 30 4 5 14 40 18 43 0 24 19 15 11 9 24 5 34 0 42 37 36 27 36 27 32 21 33 33 39 15 0 7 20 16 39 7 10 18 9 24 31 4 35 16 37 1 12 28 27 34 30 0 30 28 6 4 11 6 31 1 9 27 28 7 28 40 39 40 20 19 41 0 43 6 29 29 14 43 43 36 18 2 0 19 42 34 40 3 28 1 24 10 33 6 10 44 5 32 14 23 2 23 
0 3 7 1 3 8 0 7 3 4 9 0 5 4 2 0 3 1 7 4 6 9 3 7 5 7 6 1 4 4 4 6 2 0 0 3 4 7 6 7 4 8 5 3 7 4 2 0 3 0 1 7 0 6 4 7 2 0 6 6 0 3 7 4 2 8 0 9 5 7 9 6 5 5 7 8 9 1 0 8 3 7 9 1 6 1 5 4 7 9 2 0 9 3 3 3 1 3 6 6 0 0 5 1 3 1 2 5 8 6 3 6 5 5 0 4 5 6 2 5 4 2 7 9 6 6 9 9 1 8 0 6 2 4 3 8 8 2 4 1 3 7 2 9 4 1 6 7 4 9 3 2 1 3 0 1 8 2 5 2 5 3 7 3 0 0 5 9 3 1 7 7 9 1 3 9 2 4 1 7 1 4 6 1 2 7 8 9 6 0 9 7 8 2 4 6 6 3 4 8 3 4 6 1 7 8 7 6 7 8 0 3 4 0 1 8 2 2 0 1 2 4 0 0 0 7 9 6 8 9 1 8 1 4 1 6 6 0 2 0 8 5 8 5 8 7 9 3 2 2 7 6 2 9 8 8 5 8 4 5 8 4 3 4 3 1 2 8 9 8 3 7 9 8 7 8 5 4 0 3 7 3 2 6 6 4 8 6 0 8 9 4 8 6 2 9 3 2 8 5 4 2 4 2 6 5 8 7 9 9 8 6 3 1 7 4 2 9 1 2 5 0 0 1 2 8 5 1 5 4 6 2 2 2 2 0 5 8 6 6 3 1 8 2 3 2 1 1 1 1 8 5 3 1 9 9 8 4 0 4 8 5 6 0 8 7 3 6 4 7 0 6 5 1 2 1 3 8 5 6 3 8 9 2 3 5 1 3 4 3 5 5 5 5 5 5 5 5 5 0 
end solution 4
end try 4
