begin try 1
best 518 time 10.268979
best 351 time 39.253768
best 310 time 64.840218
best 261 time 94.398159
best 226 time 116.190443
best 202 time 170.039100
best 199 time 199.971469
best 196 time 253.919500
best 193 time 267.024457
best 190 time 280.139697
best 188 time 293.573276
best 185 time 300.068061
best 183 time 320.001522
best 181 time 333.573110
best 180 time 347.278703
best 179 time 395.110070
best 178 time 422.482494
begin solution 1
feasible: evaluation function = 178
20 24 34 39 21 2 30 2 9 20 27 15 15 12 32 32 39 29 25 19 38 22 31 2 27 0 28 25 43 33 39 0 12 5 10 21 1 31 36 33 3 16 22 36 20 14 10 29 27 10 21 31 30 7 5 24 38 15 1 5 16 22 21 28 43 25 43 43 3 24 14 41 13 39 2 34 27 22 19 28 33 32 17 37 9 21 16 33 7 11 3 3 29 27 41 38 26 7 20 3 19 29 0 22 38 7 24 18 9 33 12 9 37 34 20 14 36 11 6 31 43 1 14 10 32 34 13 5 18 37 29 36 4 9 28 34 15 32 12 41 4 23 17 19 5 4 20 34 2 6 18 16 18 27 21 12 36 13 39 14 16 16 14 41 14 5 31 39 25 38 4 42 11 36 20 38 22 21 3 40 23 13 1 33 4 41 9 22 43 34 5 27 39 22 29 8 15 0 42 37 43 37 32 36 13 21 41 27 44 16 33 20 41 33 2 4 11 40 7 28 25 33 27 13 41 19 16 42 38 40 23 24 28 38 19 31 2 8 26 34 37 10 28 8 0 12 33 37 25 13 20 18 40 42 27 28 3 12 7 18 15 3 18 36 12 14 23 6 44 23 19 5 1 31 41 21 30 23 8 31 26 9 11 13 0 17 23 1 37 12 11 38 36 0 32 0 40 31 19 13 30 42 6 5 30 32 23 4 0 10 32 30 1 14 28 25 1 21 7 24 39 43 11 10 4 40 2 42 1 3 25 6 22 10 20 42 12 30 31 35 29 11 23 37 39 6 25 7 2 26 35 24 40 18 18 42 10 36 9 9 43 15 6 1 23 5 18 41 29 14 42 19 16 9 29 43 7 24 15 3 42 25 37 34 40 30 2 30 6 34 24 15 15 39 10 16 7 38 28 8 
1 3 9 6 3 1 5 3 6 3 3 2 6 1 3 4 4 5 1 5 6 0 9 2 8 4 0 2 1 4 9 1 0 9 3 9 6 7 4 6 5 4 5 7 0 4 9 3 5 8 7 0 7 8 6 1 0 8 3 5 8 8 0 5 4 7 2 3 7 5 9 2 9 3 9 0 1 4 2 1 1 7 9 7 0 4 5 0 5 8 9 3 8 4 9 5 2 1 6 6 0 0 5 9 8 9 8 5 9 5 5 2 4 4 4 6 3 1 3 2 5 2 8 6 0 3 2 2 0 1 4 5 2 3 7 2 5 9 9 0 7 2 3 3 3 1 2 7 8 5 3 0 1 7 5 3 6 5 5 2 3 6 7 4 1 4 5 8 9 3 5 5 9 9 8 2 1 8 8 8 3 3 4 8 0 7 5 3 0 6 1 0 2 6 6 0 4 8 2 0 6 2 5 2 0 6 3 6 4 9 3 9 6 2 6 9 4 3 6 8 6 7 9 4 1 9 7 7 7 9 0 7 4 1 4 3 4 5 5 1 6 2 6 9 0 6 9 9 5 1 7 6 0 3 2 9 4 2 0 4 1 0 2 8 4 0 9 1 0 5 8 8 0 4 8 1 3 8 7 6 7 8 5 8 7 5 4 8 5 7 3 4 0 9 1 3 5 1 1 7 0 6 8 0 2 2 6 8 2 7 8 4 1 3 3 8 5 2 2 4 1 9 7 4 4 7 0 4 9 1 3 0 7 1 5 1 8 6 8 5 9 0 1 3 7 7 4 7 5 0 0 6 2 7 9 0 5 1 1 7 7 7 9 7 7 7 8 5 1 5 9 7 2 4 7 8 3 0 3 2 8 0 8 5 4 9 7 8 4 8 9 9 0 0 0 1 4 9 2 2 
end solution 1
end try 1
begin try 2
best 542 time 9.781301
best 378 time 40.947924
best 336 time 62.629132
best 303 time 90.067216
best 283 time 117.922544
best 276 time 137.677487
best 254 time 217.232114
best 250 time 246.595378
best 249 time 259.305708
best 242 time 265.639177
best 241 time 272.411784
best 228 time 291.848112
best 226 time 298.576188
best 224 time 305.308481
best 217 time 312.074715
best 213 time 318.889760
best 208 time 325.722235
best 205 time 345.847484
best 202 time 352.666270
best 196 time 359.485548
best 194 time 366.293266
best 191 time 373.149976
best 190 time 379.614274
best 188 time 386.547090
best 187 time 400.240463
best 186 time 441.197983
begin solution 2
feasible: evaluation function = 186
27 38 40 5 42 20 11 31 28 22 7 8 14 3 31 19 34 11 16 9 43 3 38 18 40 28 15 16 5 2 29 37 24 13 24 37 23 25 40 31 23 6 3 5 38 10 36 24 16 28 38 3 27 28 23 18 24 7 21 20 33 36 27 19 4 11 28 4 41 2 34 39 18 29 39 23 12 9 37 43 11 8 28 14 5 39 9 28 12 33 7 1 43 42 38 37 6 27 12 43 19 30 41 20 1 22 2 19 9 27 42 25 37 13 40 33 5 15 20 19 24 41 13 3 21 31 43 0 1 1 20 8 11 14 32 15 5 22 25 32 15 2 11 17 18 13 13 29 40 23 37 29 42 25 13 1 34 32 14 20 33 22 11 9 10 33 22 25 6 25 18 29 41 13 20 30 3 31 19 19 15 16 36 30 9 12 30 41 7 10 39 13 23 6 34 32 10 21 42 0 7 32 33 40 6 24 40 20 21 16 30 0 32 12 16 31 32 19 4 43 23 30 14 1 37 24 4 10 29 0 33 31 15 7 29 7 2 34 40 34 18 22 3 26 5 34 7 14 34 36 10 42 34 30 3 20 23 21 5 27 14 12 33 32 41 12 36 23 17 38 4 7 41 1 39 25 41 37 33 3 16 40 36 4 22 17 32 21 26 41 9 14 35 4 0 21 18 13 24 2 39 25 38 10 21 36 36 10 27 37 18 38 41 27 22 28 34 42 16 30 38 10 24 12 4 5 21 0 25 22 0 2 7 36 43 30 15 19 36 2 3 11 21 16 6 18 16 28 37 8 33 27 25 20 31 6 4 0 6 29 43 9 39 42 9 23 1 5 19 11 30 28 22 11 42 14 12 42 2 43 0 17 31 1 9 39 24 39 15 6 15 27 44 35 18 40 10 1 43 29 
1 6 0 6 3 1 5 0 6 3 3 2 3 1 6 4 4 7 1 9 3 0 5 2 8 4 0 0 8 4 9 6 2 3 3 0 6 4 4 4 9 4 5 1 0 4 3 4 5 8 8 9 7 3 8 1 9 2 6 5 8 9 0 5 0 8 0 3 7 9 2 2 9 3 5 0 1 1 2 1 4 7 5 7 4 4 5 2 5 1 9 3 4 4 3 9 2 8 6 6 0 0 5 0 8 9 1 9 3 5 5 9 4 4 5 6 3 1 3 2 5 2 8 8 0 3 0 2 0 1 4 5 2 6 7 2 5 7 5 0 7 2 3 3 3 1 2 1 6 5 3 0 1 7 5 6 8 5 5 2 3 1 6 2 8 9 5 8 5 3 7 5 9 9 7 2 7 8 8 7 3 8 4 7 0 7 5 6 0 3 1 0 2 3 6 9 1 8 9 0 1 2 4 2 0 6 3 6 4 9 6 5 3 2 6 9 1 3 6 7 3 8 0 5 1 0 7 6 7 9 5 7 5 4 4 6 7 5 9 1 6 0 3 0 2 3 5 9 9 1 7 6 0 3 2 9 4 9 0 4 1 0 2 8 1 9 0 1 9 9 8 8 0 4 8 1 3 8 7 6 7 7 5 1 8 5 4 7 5 8 6 4 0 9 7 3 5 7 8 8 0 6 7 0 2 2 6 5 2 7 4 4 4 3 6 7 7 2 2 4 1 9 1 4 4 7 5 4 0 4 3 0 7 8 5 1 8 6 7 5 4 0 1 3 8 8 4 1 5 0 0 6 2 8 5 9 5 1 1 8 8 7 3 7 8 7 7 9 1 9 9 9 2 1 8 8 3 0 3 2 8 0 1 9 4 9 7 7 4 7 9 9 0 5 0 1 2 2 9 2 
end solution 2
end try 2
begin try 3
best 515 time 10.399164
best 355 time 41.497329
best 312 time 63.033012
best 288 time 79.027187
best 275 time 98.810480
best 260 time 118.300330
best 244 time 148.084180
best 235 time 254.145703
best 230 time 274.474806
best 228 time 281.298559
best 227 time 288.052802
best 221 time 294.770388
best 216 time 301.733748
best 213 time 315.182653
best 208 time 321.926974
best 205 time 328.617044
best 203 time 342.193873
best 201 time 355.604291
best 200 time 362.346784
best 197 time 375.773928
best 192 time 382.532112
best 190 time 389.286759
best 188 time 396.024983
best 186 time 402.840336
best 184 time 409.629358
best 183 time 416.413966
best 180 time 423.290194
best 179 time 443.760916
best 178 time 457.376891
best 177 time 464.228916
begin solution 3
feasible: evaluation function = 177
11 11 20 10 18 25 33 17 2 5 0 11 27 16 36 9 30 34 28 8 7 40 21 10 31 19 13 19 29 23 30 33 28 24 28 4 16 10 42 29 27 27 41 24 34 25 1 7 16 23 5 43 14 2 41 41 41 41 20 27 13 20 4 13 15 39 21 37 10 34 3 34 31 6 43 6 43 13 0 40 32 22 39 6 18 26 7 37 35 36 9 4 0 39 20 40 23 16 28 36 20 5 32 7 4 23 14 13 28 21 23 25 11 4 33 5 33 16 31 13 38 11 32 1 4 10 36 26 30 7 36 24 0 30 30 20 12 27 3 2 33 22 34 11 21 24 32 29 14 32 9 14 6 31 31 27 31 37 29 23 19 15 35 33 33 38 5 9 15 31 26 6 36 33 2 3 1 40 24 1 2 34 11 1 12 41 43 0 22 43 7 24 1 16 38 7 42 38 16 42 31 27 10 19 31 12 3 8 40 22 4 14 3 5 19 2 28 18 40 42 39 36 16 29 22 42 12 9 6 15 9 28 12 19 41 21 25 17 41 15 14 43 43 30 14 24 6 24 42 1 37 6 29 16 42 10 34 39 10 20 34 28 38 15 43 25 23 23 10 18 9 42 36 20 23 3 13 5 17 18 11 10 0 9 4 39 21 16 26 22 7 40 12 11 42 15 18 13 28 18 25 37 38 33 31 37 23 33 3 0 41 14 27 30 43 36 40 7 24 5 32 4 24 13 19 19 25 21 39 19 25 34 25 38 1 39 14 1 20 2 18 15 20 37 21 30 22 6 19 44 35 25 6 18 3 12 36 27 3 15 2 39 43 7 1 21 27 37 37 37 4 0 40 34 3 0 42 32 39 9 11 38 12 22 38 5 5 9 32 17 29 14 21 32 0 15 18 12 28 29 
1 6 9 6 8 8 5 3 8 3 3 0 3 4 3 4 4 7 1 5 7 0 9 2 8 4 0 2 1 4 5 6 9 3 5 3 9 1 4 3 9 4 9 8 0 4 3 3 5 8 1 0 7 6 3 1 0 2 6 5 7 8 4 5 2 8 2 4 8 5 2 2 9 3 9 0 1 8 4 1 7 7 9 8 0 4 5 0 5 1 9 2 1 4 3 9 2 8 6 6 0 0 9 0 8 3 1 9 3 5 5 2 4 1 4 6 3 1 4 2 5 2 8 6 0 3 2 0 0 1 4 5 2 3 7 2 7 0 5 0 8 2 3 3 3 1 2 7 3 5 3 0 4 7 5 6 6 5 5 9 3 6 3 2 1 9 5 8 5 3 7 5 9 9 1 0 4 8 7 8 3 6 5 0 5 7 5 6 0 6 4 0 2 6 3 9 1 7 2 9 1 2 4 0 0 3 3 0 5 5 6 5 6 2 6 9 4 3 3 7 6 7 0 4 1 0 8 6 7 9 0 8 4 1 4 6 1 5 5 1 6 2 8 9 2 6 9 9 5 1 7 6 0 3 2 5 4 2 0 4 8 0 2 8 4 5 0 1 9 9 7 6 0 5 7 1 3 7 7 6 7 7 5 1 7 5 4 7 5 8 6 4 0 9 8 3 5 1 7 1 9 6 8 0 2 2 6 7 4 8 8 4 7 1 7 8 7 2 2 4 1 9 4 4 9 7 0 1 0 8 3 9 7 1 5 1 8 9 7 5 4 0 1 3 7 8 4 1 5 0 0 6 2 7 9 9 5 1 8 7 7 7 3 8 7 8 8 9 1 8 5 9 2 1 7 7 3 3 3 2 8 0 1 9 4 9 8 5 4 0 9 9 0 0 0 4 2 2 2 2 
end solution 3
end try 3
begin try 4
best 1000809 time 9.004037
best 490 time 35.645981
best 399 time 62.864279
best 341 time 88.181595
best 300 time 111.901535
best 299 time 141.584620
best 298 time 165.575292
best 273 time 185.885448
best 252 time 211.545108
best 248 time 259.633735
best 245 time 272.172161
best 241 time 278.996010
best 235 time 292.269801
best 224 time 299.026664
best 219 time 305.863552
best 214 time 312.695430
best 206 time 319.537409
best 201 time 333.166474
best 197 time 346.166796
best 182 time 353.077142
best 181 time 359.954324
best 177 time 366.507867
best 176 time 380.296067
best 175 time 387.167376
best 173 time 400.957335
best 172 time 428.454572
best 171 time 435.357775
best 166 time 442.266931
best 165 time 456.119672
best 164 time 469.981242
best 163 time 476.853191
begin solution 4
feasible: evaluation function = 163
31 13 13 4 1 42 34 30 7 7 4 4 41 22 18 21 32 9 3 30 39 37 25 4 21 12 31 18 23 19 32 0 39 3 33 27 9 25 1 31 27 36 24 5 37 3 2 16 19 11 0 3 36 33 10 32 38 16 32 41 43 27 2 43 39 23 1 0 25 42 15 31 38 19 34 36 19 20 42 28 14 6 20 12 12 8 8 22 36 14 31 7 18 0 32 21 40 11 28 13 16 28 13 3 40 6 42 43 0 31 29 12 5 24 28 40 36 23 11 23 33 39 15 25 10 9 34 20 40 14 34 17 25 40 34 30 39 0 4 41 29 29 42 30 34 42 6 5 25 11 18 14 11 5 1 12 33 42 40 36 37 16 15 42 3 41 7 22 15 36 13 39 18 38 40 26 6 0 17 10 29 16 19 3 25 2 23 28 23 23 7 37 27 22 34 24 20 32 11 5 15 36 40 38 14 43 19 21 13 16 30 22 9 29 27 18 9 31 21 22 37 4 1 29 13 20 38 24 43 1 6 42 30 29 0 21 4 11 30 31 5 7 37 44 14 29 29 19 33 38 7 12 32 5 9 15 22 33 20 25 16 42 32 30 31 16 21 24 44 33 12 23 0 11 7 12 43 2 35 28 33 37 25 33 25 2 33 2 14 27 34 16 43 9 38 6 27 13 43 37 10 24 8 27 10 21 22 29 37 40 27 4 31 11 1 20 15 3 0 20 10 24 39 14 2 18 26 6 7 28 38 7 41 1 9 22 4 37 10 28 6 2 1 15 36 12 18 36 35 19 8 30 24 15 12 9 5 41 27 34 18 19 38 9 24 32 39 3 43 41 23 11 15 39 30 1 4 24 39 2 21 22 19 41 32 21 28 16 23 5 40 6 13 5 10 34 41 43 18 28 
7 3 9 6 3 8 5 0 6 3 9 2 3 1 6 4 5 8 1 5 6 0 9 0 7 4 0 0 8 2 9 6 2 3 3 3 6 1 4 6 9 4 5 2 9 4 3 3 5 8 1 0 8 6 3 1 9 2 6 5 7 8 4 5 9 7 2 9 7 9 0 2 5 6 9 0 1 8 3 8 7 8 5 8 0 4 5 2 5 8 9 4 1 4 3 9 2 0 6 6 0 9 5 9 7 9 1 9 3 5 5 2 4 1 4 6 6 1 3 2 5 0 4 6 5 3 2 2 0 1 4 5 2 3 7 2 8 7 5 0 7 0 6 3 3 4 2 1 3 9 3 0 1 8 5 3 8 5 5 9 8 8 6 2 7 4 5 8 9 3 8 5 5 0 1 2 7 8 7 8 3 6 4 8 0 8 5 3 0 6 1 5 2 6 6 0 1 8 2 0 1 2 4 2 9 6 3 3 4 5 6 9 4 2 6 9 1 3 1 7 6 8 0 4 7 0 7 6 8 9 0 7 4 1 5 6 1 5 9 1 6 2 1 0 2 6 9 9 9 1 7 6 0 3 2 5 5 2 9 4 1 0 2 8 4 9 0 4 5 0 5 3 0 4 8 1 3 6 0 0 7 7 5 1 8 5 4 7 5 7 0 4 0 9 8 3 5 1 4 4 9 8 7 0 2 2 3 8 2 8 4 4 8 6 6 7 8 2 2 4 1 9 4 4 9 7 0 1 9 1 3 0 7 1 5 4 7 3 7 5 4 0 8 3 7 7 4 1 5 0 0 1 2 7 9 0 5 1 1 8 8 7 4 7 7 7 7 5 1 8 9 7 2 1 7 7 3 3 3 2 8 0 8 9 4 5 7 7 4 7 9 5 0 9 0 1 2 2 2 2 
end solution 4
end try 4
begin try 5
best 469 time 9.300368
best 342 time 40.349204
best 305 time 71.447006
best 268 time 97.093647
best 257 time 124.721071
best 254 time 156.157309
best 240 time 183.584578
best 233 time 211.035021
best 231 time 288.667408
best 225 time 295.305903
best 223 time 301.998861
best 215 time 315.360409
best 209 time 322.023271
best 205 time 328.767286
best 202 time 355.643202
best 200 time 369.143800
best 199 time 375.927803
best 198 time 382.692403
best 196 time 402.964465
best 193 time 409.722829
best 187 time 423.227718
best 185 time 443.518146
best 184 time 457.099510
best 183 time 463.829846
best 181 time 477.338969
begin solution 5
feasible: evaluation function = 181
13 13 39 36 38 42 36 28 0 7 21 28 19 29 17 27 0 37 14 39 15 22 19 20 28 38 38 12 33 24 16 1 34 33 6 42 2 25 7 37 24 19 1 30 32 12 23 10 27 5 14 28 38 10 12 3 34 21 2 19 40 36 5 9 23 9 1 10 41 44 13 0 10 39 37 42 1 37 27 2 11 11 5 43 36 13 32 16 20 5 28 21 40 39 30 20 31 3 37 16 14 12 15 25 39 34 21 11 41 30 40 43 18 22 17 43 21 29 16 7 16 18 13 31 3 31 23 41 29 19 13 10 9 41 16 36 2 11 1 21 30 30 43 9 20 32 24 34 41 18 22 41 32 9 4 19 28 12 2 4 28 18 4 22 36 41 24 3 27 36 31 42 33 6 10 15 17 28 16 17 29 7 31 14 5 6 34 25 38 34 43 10 14 22 5 18 27 18 5 42 11 35 11 27 40 4 13 2 25 25 31 22 15 37 33 7 41 1 31 29 27 0 15 11 27 37 6 12 38 36 19 18 37 40 23 25 28 7 0 34 42 39 30 4 21 16 40 31 32 43 33 20 11 10 32 2 29 29 24 14 7 1 15 9 31 0 25 40 17 36 24 22 30 30 6 38 31 34 26 9 22 4 41 22 21 21 32 15 0 35 0 15 43 3 33 3 5 35 1 6 30 7 37 6 16 19 18 7 3 23 5 1 2 3 3 12 25 13 25 44 24 9 9 6 13 43 4 36 2 9 12 20 14 23 22 32 29 29 34 8 28 14 23 11 20 40 16 20 43 3 33 14 38 10 43 41 23 42 4 23 15 39 18 20 0 7 19 12 42 4 38 27 33 15 42 19 40 24 5 34 18 44 39 39 33 29 24 25 4 1 33 37 21 35 27 0 20 11 6 42 
7 6 0 6 3 7 5 3 3 3 3 2 3 4 3 4 4 7 1 5 3 0 9 2 7 4 9 2 8 4 9 6 2 3 3 3 6 1 4 6 9 4 9 1 0 4 3 3 5 8 7 0 8 8 6 4 9 8 3 5 7 8 4 5 2 0 2 4 7 5 2 2 9 3 5 9 1 1 3 4 1 7 9 8 4 5 5 0 5 1 9 4 4 4 3 9 2 8 3 1 9 0 5 0 8 3 1 9 3 5 5 2 4 4 4 6 6 1 3 2 5 2 1 6 5 9 0 2 0 1 4 5 2 8 8 2 7 8 5 0 7 2 3 3 3 8 2 4 6 9 3 0 7 7 5 6 5 5 5 2 6 1 3 2 7 4 5 7 9 3 8 5 9 9 1 2 1 8 7 5 3 6 4 8 0 8 5 3 0 6 4 0 2 6 6 0 1 8 2 0 6 2 5 2 0 6 3 8 4 5 0 9 6 2 6 0 1 3 1 7 6 8 9 4 7 0 5 7 7 9 0 5 4 1 4 6 1 5 9 1 6 2 6 9 2 6 9 5 9 1 7 6 0 6 2 9 5 2 0 4 1 0 0 8 7 0 9 2 0 0 8 8 0 4 7 1 3 8 0 6 7 8 5 1 7 5 4 7 5 5 6 4 0 9 1 3 5 1 7 1 9 9 8 0 2 2 6 7 2 9 7 4 1 1 6 8 8 0 2 4 1 9 1 4 9 7 0 1 0 4 3 0 5 1 5 1 8 6 7 5 4 0 7 3 7 8 4 1 5 0 0 3 2 7 9 9 5 1 1 8 8 7 3 8 7 8 8 9 4 7 5 8 2 1 8 7 3 3 3 0 7 0 1 9 4 9 7 7 4 8 5 9 9 0 0 1 4 2 2 2 
end solution 5
end try 5
begin try 6
best 480 time 12.268445
best 358 time 43.174278
best 314 time 68.589027
best 294 time 92.252844
best 252 time 121.825821
best 236 time 173.242348
best 234 time 198.697630
best 228 time 268.560783
best 227 time 281.886975
best 225 time 288.595226
best 221 time 295.285878
best 219 time 302.040387
best 217 time 315.255267
best 210 time 322.032135
best 208 time 328.806532
best 203 time 362.687150
best 201 time 376.188746
best 200 time 396.628516
best 192 time 403.428717
best 191 time 410.203817
best 190 time 417.084798
best 189 time 423.803953
best 188 time 444.209337
best 186 time 498.578004
best 184 time 505.416183
begin solution 6
feasible: evaluation function = 184
4 28 6 3 6 36 43 16 4 3 9 12 35 3 0 0 26 16 30 21 14 17 29 18 6 6 5 28 42 32 12 1 40 14 21 39 40 29 43 24 16 7 13 20 44 30 0 12 24 13 11 17 6 7 29 41 38 40 15 37 16 15 30 41 5 16 14 42 21 14 15 39 32 19 38 28 28 31 9 27 2 39 25 25 33 1 30 20 35 28 9 6 24 31 12 16 2 24 29 41 34 40 22 6 37 13 0 41 31 4 32 29 25 25 13 31 16 7 10 34 18 42 25 29 6 33 40 33 3 21 40 29 25 2 10 3 42 18 2 39 41 16 3 10 20 3 22 9 21 27 43 20 20 0 34 20 5 19 2 21 32 4 18 1 14 0 3 14 23 30 9 11 5 13 11 18 8 19 33 2 4 12 29 21 43 40 31 22 22 39 23 37 11 22 12 23 0 27 24 19 2 19 4 23 25 36 41 23 9 43 15 18 25 20 34 19 31 38 19 18 29 18 21 18 39 28 38 27 34 9 35 15 15 22 11 38 37 20 10 23 15 4 37 39 6 11 3 14 5 39 1 10 10 19 10 12 33 33 7 13 33 37 43 14 30 40 1 6 11 0 7 43 15 38 38 16 24 9 44 7 22 23 28 12 13 26 14 10 22 36 24 36 31 34 18 34 33 34 22 32 7 39 11 2 7 13 32 32 28 9 2 21 27 28 5 5 42 27 25 34 19 27 14 37 32 22 36 1 24 5 36 41 36 1 23 24 12 41 34 10 30 27 43 25 20 24 5 13 39 15 36 33 36 5 31 42 7 16 43 37 2 42 23 20 36 31 43 42 33 40 15 3 38 27 30 4 29 23 27 11 19 32 44 21 42 38 28 7 0 41 1 1 11 12 9 10 0 4 4 37 
1 3 9 6 6 1 5 3 6 3 3 2 3 1 6 5 4 8 1 5 6 0 9 6 8 4 9 2 1 2 9 3 9 3 3 3 3 1 4 9 5 4 9 4 0 4 3 4 5 8 1 5 7 3 0 4 0 1 3 5 7 7 0 5 2 0 2 3 7 5 2 2 9 3 5 9 1 8 2 8 1 7 5 7 0 4 5 9 5 8 9 3 4 4 3 9 2 8 7 1 0 0 9 0 8 3 1 9 3 5 5 2 4 1 4 6 6 1 4 2 5 2 8 6 5 3 2 9 0 1 4 5 0 3 7 2 7 0 9 0 7 2 8 3 3 4 2 1 6 5 3 0 1 8 5 6 6 5 5 2 3 8 3 2 1 9 5 7 9 3 7 5 0 0 7 2 1 8 8 7 3 8 4 8 0 7 5 3 0 6 1 9 3 6 6 0 7 7 2 0 6 2 4 2 9 6 3 6 4 9 6 9 6 2 6 9 1 3 1 7 8 8 0 4 4 0 7 6 8 5 0 8 4 1 4 6 1 5 9 8 1 2 3 9 2 6 9 9 5 1 7 6 0 6 2 5 4 2 0 5 1 0 2 0 7 5 0 1 9 0 7 6 0 4 8 1 3 6 5 6 8 7 5 1 7 5 4 8 5 5 6 4 0 9 1 3 5 1 4 1 9 8 8 0 2 2 6 7 4 8 4 4 4 6 3 8 5 2 2 4 4 9 8 4 4 7 9 8 0 1 3 0 8 1 5 1 7 6 7 5 9 0 7 3 8 7 4 1 5 9 0 6 2 7 9 0 5 4 1 7 8 8 4 7 7 7 8 9 7 8 5 7 2 1 8 7 3 3 3 2 7 0 1 9 4 9 7 8 4 8 5 9 0 0 0 1 2 9 0 2 
end solution 6
end try 6
begin try 7
best 1000773 time 8.573347
best 476 time 11.946685
best 380 time 27.663612
best 328 time 50.990356
best 307 time 70.940467
best 296 time 88.865166
best 286 time 108.540086
best 281 time 136.009631
best 250 time 154.057500
best 245 time 216.746188
best 237 time 236.204727
best 221 time 262.769492
best 218 time 269.168592
best 217 time 289.381419
best 216 time 296.201019
best 215 time 302.969519
best 213 time 309.747453
best 211 time 316.534859
best 210 time 323.348596
best 209 time 330.094233
best 208 time 343.592440
best 206 time 350.431258
best 198 time 357.298567
best 194 time 364.117059
best 189 time 377.736862
best 184 time 384.566860
best 183 time 391.399118
best 182 time 405.180170
best 181 time 412.025494
best 180 time 418.812669
best 179 time 425.620866
best 178 time 439.307841
best 172 time 453.084261
best 171 time 473.613418
best 169 time 480.454332
best 168 time 500.974568
begin solution 7
feasible: evaluation function = 168
0 9 43 9 11 37 33 13 6 11 24 20 27 36 7 14 40 13 23 43 23 7 4 39 19 15 34 14 18 42 32 33 27 15 28 16 39 18 0 4 40 6 10 43 24 22 32 34 35 39 32 30 21 5 1 41 21 2 30 31 24 4 13 5 34 10 15 37 5 0 21 11 20 14 39 23 28 37 22 22 4 11 14 33 0 35 28 25 27 9 12 21 20 38 43 38 3 19 23 21 42 18 7 2 9 10 6 5 7 42 24 43 21 32 31 33 43 32 29 33 6 2 42 18 32 0 16 14 36 25 43 11 18 6 36 1 43 34 24 8 1 19 29 2 38 16 44 6 40 12 22 38 38 43 19 34 43 4 37 41 19 12 27 9 3 1 3 22 6 0 22 1 5 19 13 31 21 32 28 29 1 30 28 5 4 30 10 41 2 4 27 21 29 38 12 13 42 19 24 9 29 28 22 5 12 25 37 38 17 30 20 31 33 23 14 29 7 29 10 24 3 34 27 10 16 15 20 31 25 33 16 27 20 14 25 31 39 39 13 41 10 36 20 26 19 13 16 25 41 35 13 36 28 1 12 9 41 40 10 5 1 40 4 23 18 30 19 10 8 14 15 12 33 29 37 15 33 16 17 36 13 40 41 31 3 8 18 2 25 31 41 36 25 15 7 20 23 14 15 30 6 37 12 2 31 37 15 4 7 7 30 11 20 42 41 26 29 38 22 27 42 3 24 23 9 41 3 12 37 38 1 37 31 27 7 3 34 28 12 21 9 36 40 25 42 16 39 34 40 22 11 21 32 7 16 11 36 34 24 33 0 1 4 15 36 28 39 18 25 18 20 16 30 5 2 34 9 18 3 13 10 39 0 28 29 32 40 11 2 23 27 23 42 38 44 6 3 6 0 39 
8 8 0 6 6 1 5 3 6 3 3 2 3 1 6 4 4 5 1 5 6 0 9 6 8 4 9 2 8 2 9 4 2 3 3 3 3 7 4 1 9 4 9 1 0 4 3 3 5 8 7 0 7 3 0 8 9 1 3 5 7 8 4 5 2 8 2 4 7 5 2 2 5 3 9 0 1 8 0 1 4 8 5 8 0 4 5 2 5 1 9 3 1 4 9 5 2 1 3 8 0 0 9 9 7 3 1 9 3 5 5 2 4 4 4 6 3 1 3 2 5 2 8 6 0 3 2 9 0 1 4 5 2 3 8 2 7 0 9 0 8 4 6 3 3 1 2 8 3 5 3 0 1 8 5 6 6 5 5 2 3 4 6 2 8 4 5 7 9 9 8 5 0 0 1 2 1 8 8 7 3 6 4 8 0 7 5 3 0 6 8 0 2 8 6 0 4 7 2 0 1 2 5 2 0 6 3 6 4 5 0 9 1 2 6 9 1 0 1 8 6 8 0 4 4 0 7 3 8 9 0 7 4 7 4 6 1 5 9 1 6 2 6 0 2 6 5 9 9 1 7 3 0 6 2 5 4 2 0 4 1 0 2 7 1 9 9 2 9 0 5 3 0 5 7 1 3 6 0 6 8 8 5 1 7 5 4 7 5 7 6 4 0 9 4 3 5 1 8 1 0 6 8 5 0 2 6 7 2 8 4 4 8 3 0 5 8 2 2 4 1 9 4 4 9 7 0 1 9 7 9 0 8 1 5 1 7 6 7 5 4 9 1 3 7 7 4 4 5 9 0 6 2 7 9 9 5 1 1 7 7 7 3 7 7 7 7 9 7 5 9 8 2 1 8 5 3 3 3 2 7 0 1 9 4 5 7 7 4 8 9 9 9 9 0 7 4 2 2 2 
end solution 7
end try 7
begin try 8
best 440 time 10.415607
best 326 time 38.129431
best 295 time 65.493020
best 270 time 95.055469
best 259 time 126.630351
best 252 time 152.370205
best 247 time 184.165537
best 238 time 213.923328
best 224 time 241.868628
best 222 time 286.596033
best 219 time 306.943831
best 215 time 320.247217
best 210 time 333.899919
best 202 time 340.771248
best 195 time 347.622116
best 194 time 374.956208
best 191 time 388.688653
best 189 time 395.583839
best 188 time 409.275476
best 187 time 422.955707
best 186 time 429.757057
best 185 time 436.572742
best 184 time 450.365290
best 179 time 464.095466
best 178 time 470.970150
begin solution 8
feasible: evaluation function = 178
41 22 36 0 10 36 13 18 40 32 7 36 7 4 28 37 3 26 33 41 11 19 20 32 13 11 43 41 2 24 3 7 42 35 41 2 31 19 14 21 24 0 11 18 26 39 3 0 37 15 20 33 10 5 15 21 30 43 42 42 30 42 17 39 2 11 13 36 24 0 7 16 11 36 27 44 13 40 37 10 18 39 10 2 18 44 5 23 21 22 28 16 12 23 4 2 19 27 28 20 24 19 13 5 7 40 12 29 23 4 28 3 15 38 24 33 41 6 38 21 32 22 14 18 1 0 12 30 9 9 38 14 19 31 34 10 36 37 43 16 4 29 39 29 23 30 40 28 12 35 19 23 33 2 32 0 20 31 40 9 19 9 39 4 16 4 12 43 12 27 14 43 39 15 42 29 24 16 21 21 6 43 9 31 5 38 27 25 9 38 5 6 21 15 25 11 34 40 12 29 39 15 6 38 14 25 30 14 26 6 7 34 30 7 29 21 23 22 1 28 12 11 42 13 32 14 36 24 29 15 16 40 10 0 41 27 28 10 8 6 20 33 4 13 20 42 36 25 4 2 18 33 2 10 1 23 27 32 6 18 20 33 25 22 9 25 39 20 38 33 28 24 0 33 3 43 34 6 32 10 15 30 20 11 37 44 40 5 22 22 0 1 1 25 18 12 34 27 29 10 4 43 41 22 34 0 13 39 14 19 37 22 1 41 1 23 36 31 5 31 28 1 1 16 21 29 3 30 41 4 25 38 22 41 18 43 16 19 42 24 21 34 27 13 30 43 34 36 2 26 20 27 29 9 9 32 15 15 3 33 34 37 31 23 7 24 38 31 19 18 37 12 37 44 6 3 16 9 5 28 1 31 13 42 25 3 32 27 32 14 7 40 40 30 17 31 5 39 6 38 
7 6 0 6 3 4 5 3 6 3 9 2 3 1 3 4 4 7 1 9 3 0 9 6 7 4 0 2 4 2 9 1 2 0 3 3 6 4 4 6 9 4 9 2 0 4 3 9 5 8 1 5 7 6 3 1 0 2 3 5 7 8 4 5 2 8 2 3 8 5 0 2 5 6 9 0 1 1 3 8 8 7 9 8 0 4 5 2 5 1 0 0 4 4 3 9 9 2 6 3 0 5 9 9 8 3 1 5 3 5 5 2 4 1 4 6 6 1 3 2 9 2 1 6 5 3 2 2 0 1 4 5 2 8 8 2 7 0 9 5 7 4 3 3 9 4 2 4 8 5 3 0 7 7 5 8 6 5 5 2 8 6 6 2 1 4 5 8 9 3 7 5 0 0 1 2 1 8 8 7 3 6 4 7 0 8 5 8 5 6 1 0 3 6 6 0 1 7 0 0 1 2 4 0 9 7 3 3 4 5 6 9 6 2 6 0 1 3 6 7 6 7 0 4 1 0 8 6 8 9 9 8 4 1 4 0 8 5 5 8 4 2 6 0 2 4 9 5 9 1 7 3 0 6 2 5 4 2 9 4 7 0 2 9 8 0 9 8 9 9 9 3 0 4 8 1 3 6 8 0 7 8 5 1 7 5 4 7 5 7 7 4 0 9 1 3 5 1 1 1 0 3 5 0 2 2 6 8 2 7 1 4 7 8 3 8 5 2 2 4 1 9 1 4 9 7 0 1 0 8 3 5 8 1 5 4 7 6 7 5 4 0 8 3 5 7 4 1 5 5 0 6 9 7 9 0 5 1 1 8 7 8 3 7 7 7 7 9 1 9 9 7 2 1 7 7 3 3 3 2 8 0 8 9 4 5 7 7 4 8 5 9 0 9 0 1 4 2 2 2 
end solution 8
end try 8
begin try 9
best 1000772 time 8.845346
best 501 time 14.194888
best 389 time 28.117971
best 325 time 49.882192
best 303 time 75.654457
best 279 time 97.513212
best 247 time 139.026718
best 242 time 168.512607
best 238 time 222.829756
best 213 time 236.045672
best 211 time 242.826082
best 209 time 262.995362
best 204 time 269.904220
best 198 time 276.772355
best 194 time 283.650695
best 184 time 290.504302
best 183 time 297.329960
best 179 time 304.150048
best 177 time 324.649679
best 175 time 331.483409
best 172 time 338.335956
best 171 time 345.219837
best 170 time 351.717256
best 169 time 358.663607
best 168 time 372.388049
best 166 time 379.270552
best 164 time 393.023412
best 161 time 399.889877
best 159 time 406.688949
best 158 time 413.506092
best 157 time 434.208779
begin solution 9
feasible: evaluation function = 157
14 0 10 29 4 40 32 25 16 36 25 13 7 29 10 10 42 37 16 5 6 27 30 19 41 37 13 41 40 42 24 31 40 31 15 28 40 7 24 40 18 19 27 30 4 41 32 5 29 21 24 43 2 2 16 42 20 5 18 30 27 27 38 43 29 22 25 10 24 5 9 11 44 37 24 38 6 0 12 13 2 30 36 3 38 32 2 33 13 43 21 32 28 11 27 2 19 37 12 25 22 7 41 3 10 24 14 20 0 17 1 7 39 28 34 43 34 43 33 36 9 18 27 34 0 13 4 22 29 16 14 28 10 33 4 34 38 16 20 32 39 38 12 36 14 19 33 41 24 33 0 23 20 38 3 1 27 31 19 31 19 29 9 6 6 43 6 9 14 30 42 23 32 41 14 9 3 9 29 1 6 27 0 7 43 16 39 22 31 11 11 28 1 25 42 34 38 5 23 42 12 15 13 28 6 7 11 5 26 0 3 1 32 0 33 1 3 22 14 23 43 28 19 16 32 42 31 41 37 21 4 5 4 12 28 30 33 21 3 34 1 39 30 8 24 33 25 15 9 15 32 21 16 23 37 19 25 16 35 27 5 41 15 22 18 7 30 33 29 28 42 13 11 30 32 2 39 2 44 36 0 7 16 9 34 35 9 0 22 1 21 15 39 15 1 23 37 22 43 36 12 10 12 34 30 21 28 7 27 11 19 22 20 9 20 23 18 11 18 7 13 36 18 35 42 40 31 29 33 4 25 6 15 13 34 39 41 20 39 26 4 38 21 18 36 19 23 36 12 14 40 37 2 18 44 5 40 21 31 12 4 18 3 20 25 15 29 11 21 31 10 36 14 34 3 6 41 42 4 37 20 23 10 37 40 10 2 24 6 25 40 22 24 2 39 5 3 1 13 43 
7 6 0 3 6 7 5 0 6 3 9 9 3 1 8 4 4 8 1 9 6 0 9 6 8 4 0 2 1 2 9 4 2 3 3 3 3 1 4 6 9 4 9 7 5 4 3 3 5 8 1 9 7 6 3 1 0 2 6 5 7 5 9 5 2 7 2 3 8 5 2 2 5 3 5 5 1 1 2 7 4 8 5 7 4 4 5 9 5 8 0 2 8 4 3 9 2 1 6 1 0 0 5 0 7 3 1 5 3 5 5 2 4 1 4 6 3 1 4 2 5 0 1 6 0 3 2 2 0 8 4 5 2 3 7 2 8 9 9 0 8 2 3 0 3 1 2 1 6 5 9 0 1 7 5 6 6 5 5 2 3 6 3 2 8 4 5 7 5 3 7 5 9 9 8 0 4 8 8 7 3 8 4 7 0 7 5 6 0 6 1 0 3 6 6 9 1 8 2 5 1 0 4 2 0 6 3 6 4 5 6 9 6 2 6 0 1 3 6 7 3 7 0 4 1 0 7 6 7 9 0 7 4 4 4 6 1 5 9 1 4 2 1 0 2 8 5 5 9 1 7 3 0 6 2 9 4 2 0 4 1 0 2 8 1 9 0 7 9 9 8 6 9 4 8 1 3 3 0 6 7 8 5 1 7 5 4 8 5 8 6 4 0 9 1 3 5 1 7 4 0 6 8 0 2 2 6 5 2 7 8 4 4 6 6 8 5 0 2 4 8 9 4 4 9 8 9 4 0 1 3 9 8 1 5 1 7 3 7 5 9 0 1 3 8 7 4 1 5 0 0 6 2 8 9 0 5 4 1 7 8 7 3 8 7 7 7 5 7 8 5 7 2 8 8 7 3 3 3 0 7 9 1 9 4 9 8 7 4 8 9 9 0 0 9 4 2 2 2 2 
end solution 9
end try 9
begin try 10
best 496 time 10.198512
best 377 time 39.627337
best 306 time 71.112212
best 296 time 98.563990
best 284 time 122.169084
best 270 time 179.481356
best 268 time 204.929347
best 266 time 222.814303
best 262 time 234.637306
best 256 time 245.834843
best 254 time 250.446101
best 253 time 262.215509
best 248 time 287.821027
best 244 time 293.161891
best 234 time 299.942028
best 221 time 306.672132
best 217 time 313.446411
best 210 time 320.209246
best 208 time 327.047021
best 207 time 333.904603
best 202 time 340.746833
best 201 time 347.606627
best 199 time 354.455733
best 196 time 361.266503
best 191 time 368.183986
best 189 time 375.077844
best 187 time 388.709723
begin solution 10
feasible: evaluation function = 187
20 42 15 40 31 39 0 27 41 25 43 22 4 36 0 34 22 13 15 21 28 12 14 32 19 8 31 11 28 25 5 25 2 41 11 5 39 27 31 20 7 18 32 18 34 39 28 13 23 38 34 18 16 36 16 30 16 32 30 16 1 23 12 19 24 40 26 7 10 6 42 19 25 43 37 42 43 37 20 4 23 9 2 41 14 42 11 3 12 40 21 16 31 6 29 38 12 15 24 18 41 1 13 6 38 0 30 4 15 20 36 23 38 29 4 27 4 27 33 20 10 9 27 36 0 12 10 11 17 18 21 31 30 14 24 5 22 28 10 4 29 21 15 40 37 3 33 7 38 23 18 38 13 30 9 8 22 1 33 37 37 11 6 43 14 29 14 12 16 6 32 39 33 5 0 31 19 25 10 40 14 31 11 31 42 43 43 3 10 22 42 23 19 30 15 7 33 35 36 3 34 27 19 0 5 39 13 41 6 31 34 34 7 24 9 20 2 16 24 6 13 39 18 23 24 13 15 43 0 32 17 23 32 16 37 20 38 8 12 0 1 9 19 2 29 22 29 40 25 41 22 23 9 3 13 36 2 34 41 0 20 11 19 22 43 2 24 1 17 22 7 34 37 4 15 27 33 40 5 20 11 31 37 33 29 26 1 0 29 26 36 38 36 7 30 9 18 42 14 39 30 11 11 22 25 14 1 36 15 20 37 10 19 7 37 16 24 7 41 40 36 28 21 28 34 5 3 3 29 9 16 25 43 34 27 12 2 4 18 28 39 24 2 21 12 42 5 21 41 39 44 10 28 25 30 15 3 33 1 28 6 3 42 13 32 17 13 21 5 21 1 28 38 10 24 14 4 7 2 19 3 35 25 33 40 30 9 35 9 1 43 27 14 27 32 42 6 40 4 18 
7 6 0 6 3 7 5 3 8 3 3 2 8 1 6 4 4 5 1 5 6 0 9 1 7 4 0 2 1 4 5 6 2 3 3 3 3 7 4 1 5 4 9 7 0 4 3 4 5 8 7 0 7 6 6 4 0 2 3 5 7 7 4 5 4 7 0 4 8 5 2 2 5 6 9 9 1 7 0 1 1 7 5 7 4 4 5 2 5 1 0 2 1 9 3 9 2 2 3 6 0 0 9 0 7 3 1 9 5 5 5 2 4 1 4 6 6 1 4 2 5 0 8 3 0 3 2 9 0 1 4 5 2 6 7 2 5 0 9 0 7 2 3 0 3 1 2 7 3 9 3 0 1 8 5 3 6 5 5 2 8 1 6 2 1 4 5 8 9 3 7 5 0 9 1 2 8 8 7 8 3 6 4 8 0 7 5 3 0 3 8 0 3 6 6 0 7 7 2 9 8 2 4 2 0 6 3 6 4 9 6 5 1 2 6 9 1 4 6 8 6 8 9 4 1 0 7 0 7 5 5 8 4 1 4 6 1 5 9 9 6 2 6 9 2 1 9 9 9 1 7 3 9 6 2 9 4 2 9 4 4 0 9 8 4 0 9 2 9 9 8 3 0 5 8 4 3 3 7 3 8 7 5 1 8 5 4 8 5 7 8 5 0 9 7 3 5 1 8 1 0 6 7 0 2 2 3 7 4 8 1 4 1 6 6 8 5 2 2 5 4 9 8 4 9 8 0 4 0 1 3 0 8 1 5 1 7 7 8 5 9 0 8 3 7 5 4 1 5 0 0 3 2 7 9 9 5 8 1 7 7 7 3 7 8 7 8 9 1 7 9 8 2 1 8 7 3 3 3 0 8 0 1 9 4 5 8 5 4 8 9 9 0 0 0 7 2 2 2 2 
end solution 10
end try 10
begin try 11
best 508 time 11.520600
best 386 time 40.529390
best 314 time 60.301098
best 285 time 85.970963
best 279 time 113.434376
best 259 time 135.161352
best 254 time 179.072994
best 252 time 202.729441
best 248 time 244.919815
best 229 time 251.692208
best 228 time 258.148005
best 213 time 271.910081
best 210 time 285.599770
best 206 time 299.339079
best 201 time 306.287447
best 198 time 313.212955
best 191 time 320.138964
best 184 time 327.059835
best 182 time 347.797863
best 180 time 354.640268
best 179 time 375.296935
best 178 time 382.152286
best 177 time 389.034507
best 174 time 395.929025
begin solution 11
feasible: evaluation function = 174
32 31 33 30 9 42 16 5 38 1 0 22 21 37 25 28 39 1 16 29 22 32 13 6 12 37 9 5 23 38 25 7 27 15 5 20 37 18 10 22 38 31 24 10 28 6 32 39 38 4 1 11 23 39 18 10 40 30 32 11 14 34 43 27 7 6 13 7 16 4 25 2 39 43 0 14 21 19 28 42 40 25 19 33 36 42 21 29 15 9 19 9 37 12 19 34 36 32 40 12 22 13 4 2 0 25 3 1 29 32 43 24 14 7 25 31 9 41 9 11 21 12 21 14 39 30 20 33 37 9 18 7 30 16 0 4 7 18 12 31 22 31 36 16 34 3 6 5 25 19 11 42 28 20 39 37 39 22 44 32 43 38 40 18 41 22 3 2 16 43 6 34 26 21 20 30 43 33 21 27 36 5 37 31 41 43 0 3 30 28 34 40 12 2 2 4 29 3 12 44 40 29 11 16 36 41 42 19 5 36 0 42 3 0 38 1 15 6 4 6 27 41 7 4 30 3 36 4 20 10 6 38 9 33 41 23 10 35 40 14 36 15 25 27 28 0 28 3 42 30 28 28 41 16 38 5 9 0 38 23 1 7 3 38 32 33 13 19 44 22 40 42 34 34 8 29 13 24 44 4 18 11 23 39 17 17 2 15 2 19 13 24 15 15 3 27 20 18 40 12 36 27 43 14 23 14 20 11 41 32 19 1 37 22 23 6 36 21 34 14 5 18 34 18 27 33 25 31 16 39 21 12 31 16 30 13 4 34 13 10 29 37 24 33 14 12 33 23 24 32 43 11 1 24 29 31 41 2 27 24 9 22 18 2 21 1 24 5 13 31 27 28 43 0 7 29 10 14 7 2 44 23 11 20 13 23 15 5 19 10 11 25 35 10 20 30 15 37 40 26 
4 3 9 6 6 1 5 0 3 3 3 2 6 1 8 4 4 7 1 5 6 0 5 1 8 4 0 2 8 4 9 6 2 3 3 3 6 0 4 1 9 4 9 2 0 4 3 3 5 8 5 0 7 6 6 1 9 7 6 5 7 8 4 5 2 9 2 4 7 5 2 0 9 3 9 0 1 8 2 7 7 7 9 7 4 4 5 2 5 8 0 2 8 4 3 9 2 8 6 6 0 0 9 9 8 3 4 9 3 5 5 2 4 1 4 6 9 1 3 2 9 9 4 6 0 3 2 2 0 1 4 5 2 8 7 2 7 7 5 0 7 2 6 3 3 1 2 7 6 5 3 0 1 8 5 3 8 5 5 2 6 1 3 2 8 4 5 7 9 9 7 5 0 0 1 9 1 8 7 7 3 6 5 7 0 7 5 3 0 3 1 0 3 6 3 0 7 8 2 0 1 0 4 2 9 3 3 6 4 5 6 9 6 0 6 0 1 3 1 8 6 7 9 4 4 0 8 3 7 9 0 8 4 1 4 6 7 5 5 1 1 2 1 0 5 4 9 9 5 1 7 6 9 6 2 5 5 2 0 4 1 0 2 7 1 0 9 2 9 9 8 6 0 4 5 1 3 3 8 6 8 8 5 1 7 5 4 8 5 7 6 4 0 9 7 3 5 1 4 1 0 8 8 9 2 2 6 7 2 7 1 4 7 3 3 5 7 2 2 5 1 9 7 5 4 5 0 1 0 7 3 0 8 4 5 7 7 6 8 5 4 9 1 3 8 7 4 1 5 9 0 6 2 0 9 9 5 1 1 7 7 8 3 8 8 8 8 9 1 5 9 8 2 1 8 8 3 3 3 2 7 0 1 9 4 9 7 8 4 8 9 5 0 0 0 8 4 2 2 2 
end solution 11
end try 11
begin try 12
best 489 time 9.895500
best 361 time 40.720446
best 319 time 68.251988
best 297 time 99.677084
best 290 time 129.138382
best 268 time 156.482259
best 252 time 185.731869
best 250 time 269.304710
best 244 time 282.836316
best 243 time 289.565359
best 241 time 296.312249
best 238 time 303.055206
best 236 time 309.835333
best 227 time 316.630585
best 222 time 340.679015
best 219 time 347.481559
best 212 time 354.360972
best 207 time 360.820848
best 200 time 367.697510
best 199 time 381.412379
best 197 time 387.946594
best 195 time 401.732302
begin solution 12
feasible: evaluation function = 195
19 12 34 18 30 3 20 21 9 42 27 39 39 25 7 28 23 13 32 36 25 17 24 22 41 18 15 4 0 29 28 24 27 22 26 4 5 24 1 36 9 15 36 23 19 32 31 34 7 27 18 32 0 15 28 10 0 32 9 10 33 15 37 43 9 19 25 9 42 26 5 38 12 1 14 13 13 30 12 25 29 35 11 30 25 12 4 43 15 12 1 30 39 10 11 42 31 15 2 10 4 13 6 41 40 13 32 8 33 38 40 0 20 7 9 11 32 11 7 29 35 37 14 40 7 25 27 3 24 28 43 17 40 23 16 16 14 5 22 5 27 7 38 28 6 40 10 32 42 16 19 42 5 24 6 34 5 19 41 13 6 33 21 19 23 27 2 24 32 40 2 22 20 33 36 42 37 43 9 2 38 30 31 41 30 18 0 37 21 16 11 30 18 10 0 12 33 6 11 39 20 34 18 34 36 29 14 7 22 30 15 7 42 16 4 22 12 11 21 3 28 22 3 7 24 29 16 24 1 23 43 1 14 37 5 28 22 29 21 40 43 2 13 39 22 12 41 14 31 15 11 19 24 25 13 40 38 44 12 34 38 3 39 10 21 14 31 37 18 5 34 20 43 4 38 25 37 4 26 27 20 29 42 20 33 44 0 39 16 20 20 42 26 1 33 2 37 4 34 25 6 32 8 40 28 1 5 6 23 12 11 2 16 16 0 29 18 36 21 13 13 25 9 28 29 3 23 43 32 22 29 2 43 19 3 31 11 15 31 9 39 1 37 36 42 10 16 27 31 17 38 41 20 19 33 34 21 34 2 30 7 36 41 40 36 10 33 23 41 23 0 18 18 6 38 39 10 9 43 24 0 8 21 37 36 5 4 14 3 19 27 2 15 4 28 21 27 14 6 33 
4 3 5 6 3 1 5 3 6 3 3 9 3 1 8 5 4 8 1 5 6 0 5 6 7 4 9 2 1 0 9 6 0 3 3 3 8 1 4 6 9 4 9 7 9 4 3 3 5 8 1 0 8 6 6 1 0 2 8 5 5 7 0 5 2 8 2 3 7 5 2 2 5 3 5 5 1 1 2 8 1 7 9 8 0 4 5 2 5 8 9 2 1 4 3 9 2 2 6 9 0 0 9 0 8 3 7 5 3 5 5 2 4 1 4 6 3 1 3 2 5 2 1 6 0 9 2 2 0 1 4 5 2 3 8 0 8 7 9 0 7 2 6 3 3 4 2 8 6 9 3 0 1 8 5 6 3 5 5 9 6 6 6 2 1 4 5 7 5 3 8 5 0 0 1 2 4 8 7 7 3 6 4 8 0 8 5 6 0 3 4 9 3 6 3 9 1 7 2 0 6 2 5 0 0 6 3 6 4 5 8 9 1 2 6 0 1 0 8 7 8 7 9 4 4 9 7 3 7 5 9 8 4 1 4 7 1 5 9 1 6 2 6 5 2 6 9 9 9 1 7 6 9 3 2 9 4 0 0 4 1 0 2 0 4 0 0 8 0 9 8 3 0 4 7 4 3 7 7 6 7 7 5 1 7 5 4 7 5 8 9 4 0 5 4 3 5 1 7 7 0 6 7 0 2 2 6 8 2 7 8 4 1 6 6 8 7 2 2 4 7 5 1 4 4 8 0 1 9 8 3 0 7 1 5 1 5 3 7 5 4 0 7 3 8 8 4 1 5 9 0 1 2 7 9 9 5 1 1 7 7 7 3 7 8 7 8 9 4 8 9 9 2 1 8 8 3 0 3 2 7 0 1 9 4 5 8 7 4 0 5 9 0 9 0 7 9 2 2 2 
end solution 12
end try 12
begin try 13
best 1000731 time 7.960175
best 489 time 13.306094
best 373 time 32.900659
best 325 time 56.177445
best 306 time 83.697340
best 290 time 107.718078
best 272 time 162.743843
best 261 time 226.942886
best 256 time 233.652528
best 251 time 253.938698
best 250 time 260.677987
best 242 time 267.437319
best 240 time 274.141828
best 232 time 280.846255
best 229 time 293.995452
best 225 time 300.384009
best 221 time 307.100095
best 216 time 313.864035
best 212 time 334.221510
best 207 time 340.957659
best 204 time 354.429192
best 200 time 361.253709
best 198 time 368.032610
best 197 time 374.833406
best 196 time 402.189709
best 193 time 408.940368
best 192 time 415.908357
best 189 time 429.442561
best 188 time 436.253757
best 187 time 449.893813
best 186 time 456.727600
best 183 time 463.552701
begin solution 13
feasible: evaluation function = 183
0 40 32 40 0 30 43 21 43 29 38 24 25 14 4 40 34 27 3 7 42 25 10 29 43 30 10 4 30 16 37 6 12 28 21 12 27 8 38 1 12 12 38 23 2 17 34 9 3 43 34 31 36 40 23 39 14 23 41 28 0 33 15 22 4 34 28 0 21 3 37 40 9 18 39 28 42 0 11 13 14 13 36 24 27 41 24 14 6 37 6 2 11 18 36 32 26 10 31 27 13 18 41 19 10 36 15 38 27 2 20 36 42 15 6 30 37 17 24 25 14 33 41 27 29 2 21 25 5 25 36 4 7 5 7 30 5 6 20 23 22 34 3 25 13 16 15 28 4 33 19 4 5 36 16 14 16 0 11 29 38 9 9 42 23 21 42 12 5 32 37 40 14 11 2 43 17 9 24 39 10 24 37 19 2 25 18 22 30 30 18 42 0 31 36 6 7 11 3 33 11 37 19 38 16 15 0 10 29 4 7 37 12 29 24 39 16 5 32 22 28 20 12 16 29 22 42 28 32 35 23 16 10 31 33 25 24 26 30 1 34 20 43 38 22 42 30 32 19 43 24 6 0 3 39 40 2 27 15 14 3 7 31 36 20 31 19 28 3 18 40 19 9 25 2 36 11 37 8 11 19 32 34 19 41 35 27 2 44 5 18 31 1 26 14 15 12 39 13 22 41 20 12 10 43 13 33 10 6 18 40 13 21 33 4 15 31 5 24 21 33 34 38 28 22 33 33 32 23 1 14 20 30 37 1 1 3 6 23 41 32 13 10 23 35 41 1 12 21 29 1 39 19 21 16 5 7 27 4 31 25 18 1 6 39 31 9 27 29 20 43 34 1 4 11 7 43 22 42 18 29 15 7 22 11 42 34 39 20 0 9 15 13 17 28 9 23 40 9 32 
1 3 0 6 6 1 5 0 6 3 3 0 3 1 3 4 4 5 1 9 6 5 9 6 7 4 0 2 8 2 9 1 2 3 3 3 6 1 4 6 9 4 9 4 9 4 3 3 5 8 1 0 8 8 6 4 9 7 3 5 7 7 4 5 4 0 2 9 8 9 2 0 5 3 9 9 1 4 2 7 8 8 5 9 0 4 5 2 5 8 0 2 1 4 3 9 0 2 3 8 5 0 9 0 8 9 7 5 3 5 5 2 4 1 4 6 6 1 4 2 5 2 1 7 0 3 2 9 0 1 4 5 2 3 7 2 8 8 9 0 7 2 3 0 3 1 2 1 6 5 3 0 1 7 5 6 3 5 5 5 6 1 6 2 1 9 5 7 5 3 7 5 0 0 1 0 5 8 8 8 3 3 4 8 0 8 5 6 0 3 1 0 2 6 6 9 4 7 2 9 9 0 4 2 0 6 3 6 4 9 3 5 6 2 6 0 7 4 6 8 8 7 0 4 7 0 8 6 7 9 5 8 4 1 4 6 1 5 5 1 6 2 4 0 2 7 9 5 5 1 7 6 0 6 2 9 4 2 0 4 4 0 2 0 1 9 9 7 0 9 7 6 0 4 7 1 3 3 0 6 7 8 5 1 8 5 4 8 5 7 6 4 0 9 7 3 5 1 1 1 0 3 8 5 2 2 3 7 2 8 1 4 1 6 7 8 7 2 2 4 1 9 1 4 4 8 0 1 9 7 3 0 7 1 5 8 7 3 8 5 4 0 1 3 7 7 4 1 5 9 9 3 2 7 9 9 5 1 1 8 7 7 3 7 5 5 7 9 1 8 9 8 2 8 8 8 3 3 3 2 8 9 1 9 4 9 7 7 4 8 9 5 9 0 0 4 2 2 2 2 
end solution 13
end try 13
begin try 14
best 1000771 time 8.578763
best 454 time 19.569451
best 385 time 35.723677
best 320 time 53.860717
best 288 time 71.773501
best 273 time 102.365410
best 250 time 127.858213
best 237 time 151.159999
best 233 time 200.784798
best 225 time 226.765910
best 223 time 233.180405
best 216 time 246.350862
best 213 time 252.752044
best 209 time 259.541448
best 208 time 273.057469
best 204 time 279.829998
best 202 time 293.398331
best 198 time 306.621540
best 194 time 313.353708
best 189 time 320.196197
best 186 time 327.091739
best 180 time 340.818845
best 177 time 347.724759
best 174 time 354.619201
best 171 time 361.443646
best 170 time 409.468455
best 169 time 416.291025
begin solution 14
feasible: evaluation function = 169
24 4 32 34 25 10 33 38 9 29 42 36 41 31 34 13 15 28 24 9 40 12 43 22 2 5 7 24 13 18 30 21 19 3 27 24 23 31 2 34 42 43 10 22 11 24 14 30 34 7 9 38 1 19 28 5 5 21 11 39 39 10 27 29 34 34 30 11 4 20 28 13 25 37 14 8 5 20 4 41 3 32 37 1 29 40 16 41 40 28 12 16 21 37 10 37 14 12 12 2 28 24 36 1 9 40 18 2 39 13 26 40 39 43 18 24 37 6 13 4 41 37 14 39 28 30 25 9 20 9 0 3 16 22 0 6 11 18 31 41 13 38 20 36 32 7 22 40 4 13 1 36 28 40 25 29 2 10 27 15 7 31 0 7 22 3 5 12 0 22 38 30 26 21 19 2 42 29 32 8 5 10 3 42 21 22 19 33 33 21 33 14 23 23 32 39 24 44 32 42 16 42 1 31 6 18 21 33 38 16 2 35 1 33 34 16 4 25 31 5 28 1 24 6 10 44 14 18 38 6 40 27 25 36 14 43 2 7 5 7 7 5 14 35 43 42 23 15 0 20 3 40 34 30 29 4 4 10 43 21 20 20 23 38 38 33 0 32 8 2 6 19 11 33 15 37 1 30 26 6 36 15 43 0 41 22 36 23 35 16 0 29 24 36 7 42 32 37 20 16 29 19 19 22 9 27 23 16 12 11 32 23 25 37 27 18 14 11 1 27 15 34 9 28 14 43 17 31 25 27 15 38 29 27 9 30 3 38 12 4 7 12 15 43 42 13 23 33 21 32 3 36 3 10 31 31 2 6 34 25 10 18 16 36 4 0 30 41 1 25 19 33 0 11 22 6 41 39 12 30 21 17 18 27 11 28 41 43 19 40 11 18 19 15 13 31 42 39 37 20 
7 3 0 6 6 1 5 3 3 3 9 2 6 1 3 4 4 8 1 9 6 0 9 0 8 4 0 2 1 2 9 1 2 3 3 3 3 8 4 4 5 4 9 4 9 4 3 4 5 8 7 5 7 8 6 8 0 2 6 5 7 8 0 5 2 8 2 3 8 5 2 2 9 6 5 0 1 8 2 1 1 8 5 8 0 4 5 2 5 1 9 3 8 4 3 9 2 1 6 1 5 5 5 0 8 9 8 9 3 5 5 2 4 1 4 6 3 1 3 0 5 0 1 6 0 3 2 0 0 1 4 5 2 6 7 2 8 0 5 0 7 2 3 3 3 1 2 1 6 9 9 0 7 7 5 6 6 5 5 2 3 6 6 2 1 9 5 7 9 3 7 5 0 9 1 2 1 8 7 7 3 6 4 7 0 7 5 3 0 6 7 0 2 8 6 0 8 5 2 0 6 2 4 2 0 3 3 6 4 9 3 9 6 2 7 0 1 3 3 7 3 5 9 4 4 0 8 6 8 9 0 8 4 1 4 6 7 5 9 9 6 2 6 0 2 6 9 9 5 1 7 3 0 6 2 9 4 2 0 4 4 9 0 0 1 9 0 4 5 0 5 3 0 4 5 1 3 8 7 3 7 8 5 1 8 5 4 7 5 7 3 4 0 9 7 3 5 7 7 1 9 6 7 9 2 2 6 8 2 7 1 4 1 8 6 5 7 2 2 4 1 9 4 4 9 7 0 4 0 7 3 9 7 1 5 1 8 6 8 5 4 5 7 3 8 8 5 1 5 9 0 6 2 0 9 0 5 8 1 8 7 7 4 8 7 8 7 9 1 7 9 8 2 1 8 7 3 9 3 0 7 5 1 9 4 9 7 8 4 8 5 9 0 0 0 7 4 2 2 2 
end solution 14
end try 14
begin try 15
best 1000799 time 9.552222
best 452 time 14.761847
best 352 time 40.061064
best 323 time 65.642016
best 296 time 85.330982
best 280 time 103.089189
best 255 time 117.132492
best 237 time 139.031411
best 232 time 202.903092
best 209 time 229.099740
best 203 time 235.900236
best 197 time 256.305218
best 193 time 263.169054
best 188 time 270.047445
best 185 time 276.606950
best 176 time 283.443346
best 174 time 310.959303
best 172 time 324.833713
best 170 time 331.719752
best 167 time 338.594275
best 162 time 345.503406
best 159 time 352.371614
best 155 time 373.102895
best 153 time 379.957659
best 148 time 393.887045
best 144 time 400.798960
best 143 time 407.767825
best 138 time 414.691075
best 135 time 421.607412
best 131 time 435.625025
best 130 time 442.644218
best 128 time 456.624399
best 126 time 470.530663
begin solution 15
feasible: evaluation function = 126
16 3 23 12 10 29 34 19 27 30 14 2 42 37 21 32 36 33 25 26 18 42 16 40 19 13 16 36 6 6 7 3 0 22 10 31 34 12 30 21 21 28 30 30 1 43 13 9 30 9 33 12 24 41 22 23 40 27 5 0 13 30 21 4 14 43 4 15 6 38 13 30 36 6 19 31 25 5 33 43 5 2 13 24 24 17 5 19 41 13 2 27 42 22 2 31 18 22 16 23 33 18 10 41 14 7 9 43 42 25 28 24 18 1 1 28 33 27 20 3 40 32 11 13 5 24 15 14 37 33 34 23 11 25 31 28 43 0 22 29 2 21 37 43 33 40 1 18 7 20 39 4 39 25 36 41 39 24 37 11 11 31 36 39 2 2 21 37 22 12 34 7 44 12 27 34 10 31 1 28 39 29 41 23 27 40 9 32 14 28 6 1 16 22 25 29 4 8 7 20 34 12 27 1 24 19 36 20 11 2 43 15 3 38 36 22 39 9 30 15 27 19 15 21 36 19 14 29 43 8 10 38 15 28 15 5 31 29 20 7 18 5 15 42 40 28 28 43 6 24 4 32 25 7 33 12 25 41 42 19 30 39 31 33 7 18 4 41 17 7 20 15 0 42 42 5 28 4 17 44 39 22 32 14 12 6 3 0 17 18 1 16 18 3 29 32 10 6 29 19 34 15 11 3 20 10 0 3 9 38 32 31 34 9 23 9 12 30 23 38 29 25 38 0 39 31 16 20 2 37 4 41 42 4 27 12 1 11 18 33 23 32 11 23 13 21 20 41 19 6 23 10 16 21 5 14 13 41 36 32 3 10 1 10 4 3 20 14 16 36 24 9 38 0 16 40 37 21 0 27 5 39 7 37 37 34 40 11 40 13 38 32 0 11 9 34 43 37 42 29 
8 3 9 6 6 4 5 3 6 3 3 2 6 1 6 4 4 7 1 5 3 0 5 3 8 4 9 2 8 2 9 6 2 3 3 3 3 4 4 1 9 4 9 7 9 4 3 3 5 8 4 0 7 6 8 1 0 7 3 5 8 8 0 5 4 0 2 3 7 5 2 2 9 3 9 0 8 7 2 1 4 7 9 8 4 4 5 2 5 1 0 2 1 4 3 9 2 1 6 6 0 5 9 0 8 3 1 5 3 5 5 2 4 1 4 0 6 1 3 2 9 2 8 6 0 3 2 2 0 1 4 5 0 3 7 2 7 7 5 0 8 2 6 3 3 1 5 1 6 5 5 0 8 7 5 3 6 5 5 2 6 6 0 2 1 4 5 7 9 3 8 5 0 9 8 2 4 8 8 7 3 3 4 7 0 5 5 8 5 8 4 0 3 6 6 9 4 7 2 0 6 2 4 2 0 6 3 6 4 5 6 9 1 2 6 0 1 4 6 7 3 7 0 4 8 0 7 6 8 5 0 7 5 1 4 6 1 5 9 4 6 2 1 9 2 6 9 9 9 1 7 6 0 8 9 5 4 2 5 4 1 0 2 8 7 9 9 7 0 0 7 8 0 4 8 1 3 6 7 3 7 7 5 1 7 5 4 8 5 7 6 4 0 9 7 3 5 1 8 1 0 6 7 0 2 2 6 8 2 8 1 4 1 6 8 7 8 0 2 4 1 9 1 4 4 5 0 1 9 8 3 9 7 1 5 1 7 3 8 5 4 0 1 3 7 8 4 8 5 0 0 1 2 7 9 0 5 1 1 7 5 8 3 7 8 7 8 9 1 7 9 9 0 1 7 8 3 3 3 9 8 9 1 9 4 9 7 5 4 0 9 9 9 9 0 7 2 2 2 2 
end solution 15
end try 15
begin try 16
best 492 time 10.784041
best 362 time 39.644304
best 308 time 63.070690
best 282 time 88.788168
best 258 time 116.552118
best 245 time 147.034057
best 238 time 202.676716
best 237 time 232.428508
best 228 time 249.504264
best 226 time 262.190989
best 225 time 275.769549
best 224 time 282.136356
best 217 time 295.613598
best 216 time 301.697395
best 209 time 308.488523
best 199 time 315.259101
best 196 time 322.038869
best 193 time 328.813779
best 191 time 335.597415
best 190 time 342.379264
best 189 time 355.945085
best 188 time 362.814555
best 184 time 369.631958
best 182 time 376.477593
best 181 time 390.116892
best 180 time 410.535978
best 176 time 417.021936
best 175 time 423.887881
best 169 time 430.744833
best 163 time 437.599075
best 162 time 444.428024
best 161 time 465.159462
begin solution 16
feasible: evaluation function = 161
28 31 5 18 38 5 35 25 11 19 4 31 28 24 25 42 21 16 2 22 36 3 15 30 21 37 38 25 2 4 30 29 19 30 23 12 25 38 9 13 28 36 24 9 12 20 6 9 32 27 4 32 19 22 3 0 40 37 40 31 15 39 43 41 14 7 13 34 36 35 38 0 37 16 5 14 25 7 33 9 27 32 43 5 32 40 1 11 4 34 22 15 11 7 3 14 22 24 12 12 10 21 39 26 23 2 42 1 7 18 6 39 30 10 1 7 9 31 37 43 21 40 28 20 33 43 6 34 24 36 38 39 28 30 41 29 6 14 19 6 11 33 20 10 20 41 32 12 15 3 11 15 32 29 33 24 12 22 15 13 14 18 33 18 13 11 23 22 31 32 16 42 20 32 2 27 32 2 28 36 27 30 12 27 41 4 0 34 34 37 40 29 23 18 14 43 29 41 12 9 39 16 25 5 27 27 21 22 26 34 28 25 23 29 37 2 15 18 36 0 5 3 31 27 16 2 34 24 16 43 1 34 37 31 10 36 14 28 33 1 16 41 0 8 20 43 6 36 21 24 31 41 7 43 36 30 6 4 42 2 33 0 42 44 16 27 39 21 10 29 34 31 37 36 7 5 13 42 8 43 20 0 10 37 11 20 39 31 44 25 21 23 5 12 42 40 11 1 34 19 19 42 13 30 13 8 19 9 0 21 23 19 23 9 16 43 10 3 24 14 18 0 21 13 29 18 24 39 9 33 27 28 24 6 8 42 23 1 22 9 22 40 29 5 18 6 33 14 19 17 16 39 2 39 7 18 12 37 30 40 4 7 0 40 3 13 28 38 15 38 11 10 7 33 15 1 25 3 41 38 19 41 42 13 4 14 25 38 3 11 4 40 20 44 23 30 5 44 15 10 
1 3 9 3 3 8 5 0 6 3 3 2 3 4 3 4 4 5 1 9 3 0 9 2 8 4 9 2 8 0 9 3 2 3 3 3 6 1 4 6 9 4 5 2 0 4 3 3 5 8 1 0 8 3 6 1 9 2 6 5 7 7 4 5 2 8 9 3 7 9 2 2 9 3 5 0 1 1 3 8 1 8 5 7 4 4 5 2 5 1 0 3 1 4 9 9 2 8 6 1 0 0 9 0 0 3 7 9 3 5 5 2 4 1 4 6 6 1 3 2 5 2 4 6 0 3 2 2 0 1 4 5 2 8 8 2 7 8 9 0 7 2 8 3 3 1 2 8 6 5 3 0 7 8 5 3 7 5 5 0 3 4 6 2 1 4 5 8 9 3 7 5 9 9 7 2 1 5 8 8 3 6 4 7 0 8 5 6 0 8 1 0 2 6 6 0 1 7 2 0 3 2 4 2 9 6 3 6 4 9 6 5 6 9 6 9 1 0 6 7 6 8 0 4 4 0 5 6 8 9 0 7 5 4 4 0 7 5 9 8 9 2 6 0 2 1 9 9 9 1 7 6 0 8 2 5 4 2 0 4 8 0 2 7 1 0 0 2 9 5 8 6 0 5 7 1 3 3 7 6 7 8 5 1 8 5 4 8 5 7 6 4 0 9 8 3 5 1 4 1 0 6 8 0 2 2 6 7 4 7 8 4 1 1 6 7 7 2 2 4 1 9 1 4 4 8 9 1 9 7 5 0 7 1 5 1 7 3 7 5 4 0 7 3 7 8 4 1 5 0 0 6 2 8 9 9 5 7 1 8 7 5 3 7 7 7 7 5 4 8 9 8 2 1 8 7 9 3 3 0 7 9 9 5 4 5 8 7 4 0 9 5 0 0 9 7 4 2 2 2 
end solution 16
end try 16
begin try 17
best 1000783 time 9.226580
best 456 time 20.442273
best 361 time 45.697568
best 312 time 71.263886
best 300 time 95.021596
best 277 time 120.885088
best 271 time 142.809457
best 234 time 180.977716
best 231 time 227.981740
best 229 time 234.154922
best 225 time 246.948164
best 216 time 267.104821
best 206 time 273.853972
best 200 time 280.362565
best 195 time 300.672422
best 191 time 307.469219
best 183 time 314.248597
best 181 time 321.033463
best 179 time 327.842234
best 172 time 334.641282
best 168 time 355.052940
best 167 time 368.704654
best 166 time 375.460540
best 164 time 382.328854
best 163 time 389.155224
best 162 time 396.000265
begin solution 17
feasible: evaluation function = 162
10 7 14 36 16 33 25 31 27 32 30 11 0 12 38 11 18 31 21 4 12 31 6 25 5 7 16 27 0 32 28 7 4 20 4 11 16 25 29 31 42 32 0 32 7 14 32 27 29 41 20 29 1 5 39 15 23 9 41 1 19 9 22 39 12 25 43 21 20 35 15 0 3 15 28 5 16 3 16 41 29 24 13 5 19 10 22 23 5 31 28 34 5 23 39 40 9 13 37 25 13 40 18 37 30 9 2 1 34 10 32 19 40 29 43 25 11 15 1 36 0 7 1 34 38 23 25 16 30 36 40 9 3 29 41 34 13 33 10 24 39 30 3 36 6 36 28 21 2 27 22 34 18 23 2 6 0 6 42 14 11 34 38 20 9 37 24 40 33 21 15 17 19 43 10 40 28 30 37 2 43 14 33 4 15 20 36 18 9 24 24 32 7 13 20 5 14 23 21 26 42 38 4 10 21 16 24 30 17 9 5 15 6 33 36 29 6 29 23 34 0 12 33 24 27 2 28 40 16 15 22 0 15 43 23 28 13 26 34 28 4 18 19 12 10 33 43 20 4 19 14 43 2 27 30 41 16 6 22 21 3 16 42 30 14 18 42 4 8 31 18 43 39 1 42 10 33 15 26 38 27 18 21 30 3 35 38 6 20 4 9 39 41 38 6 28 14 32 12 7 20 42 17 7 29 35 32 8 13 11 7 38 12 28 1 25 22 24 6 0 22 24 11 42 39 19 11 37 33 42 25 41 37 42 31 5 12 1 32 7 31 37 22 10 13 18 9 27 19 8 25 37 5 40 3 11 43 33 38 27 36 27 19 23 43 35 34 30 41 3 19 11 41 29 37 39 3 18 12 22 44 0 31 14 20 36 2 24 2 21 12 34 13 4 36 1 37 39 31 3 
8 8 0 8 8 8 5 3 0 9 3 2 3 1 3 4 4 8 1 5 6 0 9 8 8 4 9 2 1 2 9 6 2 3 3 3 5 4 4 6 9 4 9 8 9 4 3 3 5 8 1 0 7 3 6 8 0 8 3 5 8 7 4 5 2 9 2 3 8 9 2 2 5 6 5 0 1 4 3 4 7 7 5 7 4 4 5 2 5 1 0 4 4 9 3 9 2 1 3 1 0 0 9 9 5 3 1 9 3 5 5 2 5 1 4 6 8 1 3 2 5 2 1 6 0 3 2 2 0 1 4 5 0 6 7 2 7 7 9 0 7 4 6 3 3 4 2 8 3 9 3 0 1 5 5 6 7 5 5 2 6 1 6 2 1 4 5 7 5 9 7 5 0 0 7 2 4 8 5 7 3 3 4 8 0 7 5 6 0 6 1 0 3 3 6 9 7 7 2 0 3 2 4 0 0 6 3 6 4 9 6 5 4 2 6 9 1 3 1 7 6 5 9 4 4 0 7 3 7 9 0 8 4 1 4 8 4 5 5 1 6 2 6 0 2 6 9 9 9 1 8 6 9 6 2 5 4 0 9 4 1 0 2 7 1 0 0 1 5 9 5 8 0 4 7 1 3 3 7 7 5 8 5 1 8 5 5 7 5 7 6 4 0 9 8 3 5 1 8 1 0 6 7 0 2 0 6 7 2 7 7 4 4 6 0 7 8 2 2 4 1 9 1 4 9 7 0 1 0 8 3 9 8 1 5 1 7 6 7 5 4 0 7 3 8 7 4 1 5 0 0 6 2 8 9 9 5 1 1 8 7 7 3 8 7 7 8 9 1 7 9 5 2 8 7 8 3 3 3 2 5 0 7 9 4 9 8 8 4 7 9 9 9 0 0 8 2 2 2 2 
end solution 17
end try 17
begin try 18
best 500 time 9.953291
best 361 time 40.803283
best 300 time 68.083725
best 276 time 91.542377
best 260 time 115.311665
best 257 time 164.713442
best 256 time 186.203650
best 243 time 253.760287
best 235 time 273.588205
best 232 time 280.204693
best 227 time 286.827592
best 217 time 293.418741
best 215 time 299.986191
best 213 time 306.595601
best 184 time 313.268003
best 182 time 319.959364
best 181 time 326.661083
best 175 time 340.138450
best 174 time 346.945959
best 172 time 360.593778
best 167 time 367.413489
best 164 time 387.897954
best 160 time 394.756272
best 153 time 401.582107
best 151 time 415.336357
best 150 time 422.207240
best 149 time 442.840570
begin solution 18
feasible: evaluation function = 149
12 22 0 25 4 12 24 40 7 20 21 42 33 21 16 28 37 40 10 43 27 2 33 40 21 20 4 34 38 39 29 34 7 41 12 19 0 7 6 32 18 19 32 39 36 32 25 23 10 13 23 42 34 42 34 36 5 4 13 18 0 5 41 21 2 27 6 18 20 25 29 18 35 9 14 29 43 14 27 32 16 9 7 9 14 1 19 1 33 11 22 24 9 37 31 16 24 0 0 37 41 15 1 32 39 4 13 34 5 0 43 43 29 6 13 38 11 3 31 41 30 28 25 2 16 6 25 4 37 23 43 16 9 1 3 19 43 31 11 34 31 22 24 29 10 13 38 32 20 21 37 13 28 6 6 23 16 23 2 1 19 39 24 20 27 18 40 37 10 14 9 32 37 31 41 10 3 34 8 19 27 40 0 5 3 4 5 31 38 6 33 3 23 18 24 38 28 21 28 11 36 30 7 12 40 10 42 41 17 4 33 39 10 5 39 7 10 7 7 19 29 43 6 34 42 21 14 34 2 9 19 2 12 5 25 22 3 12 6 15 22 7 14 35 15 32 1 8 36 13 32 28 43 1 32 41 9 33 20 42 40 39 40 16 5 34 13 16 17 31 15 3 19 39 24 12 28 18 44 21 41 36 22 29 27 8 36 33 20 11 30 38 12 12 15 9 3 30 19 14 5 27 42 20 21 23 33 37 11 1 10 22 40 37 2 38 42 15 38 15 14 29 21 44 33 29 9 16 4 27 38 23 1 24 41 18 42 7 30 25 42 22 6 22 0 30 2 1 36 35 39 22 36 39 30 30 11 18 4 23 25 31 36 11 28 8 23 14 20 4 40 25 31 36 20 33 0 15 43 18 27 26 38 15 30 28 16 41 11 24 2 24 27 25 28 31 14 13 10 0 
7 8 0 6 6 8 5 3 6 3 3 2 3 1 3 4 5 8 1 9 0 0 9 6 8 4 0 2 1 2 9 1 9 3 3 3 3 7 4 3 9 4 9 1 0 4 3 9 5 5 4 0 7 6 3 8 9 4 3 5 8 7 4 5 2 8 2 3 8 9 2 0 5 6 5 0 1 1 2 8 4 8 5 9 0 4 5 0 5 1 0 4 1 4 3 9 2 1 6 1 0 0 9 0 7 3 7 5 3 5 5 2 4 1 4 6 3 1 4 2 5 9 1 6 0 3 2 2 0 1 4 5 2 3 7 2 7 8 9 0 7 2 3 3 3 8 2 1 6 9 3 0 8 7 5 6 6 5 5 2 6 6 6 2 1 4 5 7 9 3 7 5 9 0 1 0 4 8 8 8 3 7 4 8 0 8 5 6 0 6 1 9 3 6 7 9 1 7 2 0 6 2 4 2 0 6 3 6 4 5 0 5 8 2 3 0 4 3 1 7 6 8 0 4 1 0 7 6 7 5 9 8 4 1 4 7 8 5 9 1 6 2 6 0 2 6 5 9 9 1 7 6 0 6 2 9 4 2 9 4 1 9 2 8 4 9 9 2 0 9 8 3 0 4 8 1 3 7 0 6 7 7 5 1 7 5 4 8 5 7 3 4 0 9 7 3 5 1 1 4 0 6 8 0 2 2 6 8 2 7 7 4 4 6 3 8 5 5 5 4 8 5 4 4 4 7 0 1 9 4 3 0 8 1 5 8 7 8 7 5 9 9 8 3 7 8 4 1 5 9 0 1 2 8 9 0 5 1 1 7 8 5 3 8 7 7 8 9 1 7 9 7 2 1 7 7 9 3 3 2 5 0 7 9 4 5 7 8 4 0 9 9 9 0 0 1 2 2 2 2 
end solution 18
end try 18
begin try 19
best 1000795 time 9.131034
best 501 time 16.336571
best 379 time 26.750943
best 318 time 50.123021
best 269 time 91.761757
best 247 time 146.981522
best 246 time 208.007612
best 245 time 214.406341
best 243 time 221.226959
best 240 time 227.673356
best 239 time 234.116161
best 237 time 254.334685
best 231 time 281.131403
best 230 time 287.907043
best 229 time 294.741314
best 222 time 301.496680
best 221 time 315.110052
best 220 time 328.741810
best 216 time 335.482052
best 212 time 342.240921
best 211 time 349.007265
best 207 time 355.806291
best 206 time 362.598307
best 203 time 369.398382
best 199 time 376.146783
best 198 time 396.644770
best 197 time 403.540878
best 196 time 417.206790
best 195 time 424.098603
begin solution 19
feasible: evaluation function = 195
42 34 4 3 29 10 38 33 4 28 10 42 15 2 37 18 20 38 27 23 0 7 30 24 11 10 29 10 0 41 33 10 6 27 6 21 5 2 29 40 25 40 21 23 17 39 20 5 22 20 20 1 9 40 31 40 24 14 30 14 23 9 25 33 4 6 7 38 32 42 19 43 16 40 1 13 34 7 36 31 28 14 10 16 5 8 19 41 12 37 22 32 43 0 7 0 0 41 27 34 3 43 10 29 13 23 36 3 41 31 13 32 0 20 7 37 33 14 13 6 14 38 1 19 30 12 1 20 35 6 44 42 25 18 12 40 1 1 36 19 3 21 16 4 25 32 28 18 42 2 33 40 16 6 17 43 21 18 24 3 24 36 28 9 16 2 9 21 38 9 43 11 32 34 37 24 39 29 14 37 11 11 25 42 41 25 7 32 23 23 32 26 37 22 16 6 39 42 31 31 12 34 35 18 9 6 34 41 26 9 1 3 22 15 13 40 15 42 19 22 12 34 10 21 18 32 4 24 41 37 0 30 30 28 4 7 34 44 41 43 30 36 25 30 30 38 11 27 27 25 39 22 16 18 41 29 5 15 7 24 15 39 9 20 18 21 21 13 14 40 23 27 2 14 43 0 3 7 17 33 10 15 43 9 16 15 31 25 28 37 43 22 28 13 1 38 2 28 27 30 5 12 2 39 18 27 9 28 22 41 3 23 4 31 36 4 38 12 39 6 19 22 27 33 13 22 19 28 38 24 4 12 34 33 37 36 42 5 0 4 20 34 19 0 24 25 3 11 32 26 36 1 5 15 5 15 39 21 29 32 10 23 43 36 21 7 12 31 40 16 35 29 1 42 27 30 14 31 15 2 13 11 44 18 12 20 5 19 11 33 36 44 37 24 6 31 19 33 29 16 
4 3 9 6 3 1 5 0 6 3 3 2 6 1 3 4 5 7 1 9 6 0 5 1 7 4 0 2 8 4 9 6 9 0 3 3 6 8 4 6 9 4 5 1 0 4 3 3 5 8 7 0 8 8 8 1 0 2 3 5 5 7 0 5 2 7 2 4 8 9 2 2 5 3 5 0 1 1 3 1 4 7 5 9 0 4 5 2 5 1 0 3 1 4 3 9 2 1 6 6 0 0 9 9 7 3 4 5 3 5 5 2 5 1 4 6 8 1 3 2 9 2 1 3 0 9 9 2 0 1 4 5 2 3 7 2 7 8 5 0 7 2 3 0 3 4 2 8 6 9 3 0 4 8 5 3 6 5 5 2 3 6 6 4 1 4 5 8 9 3 7 5 9 9 4 2 7 8 8 7 3 6 4 0 0 7 5 6 0 6 1 0 2 6 6 5 1 7 2 0 1 2 4 0 0 6 5 6 4 9 3 9 1 0 6 9 1 3 6 7 3 7 0 4 7 0 7 6 7 9 0 8 4 9 4 6 4 5 5 9 6 2 6 9 2 1 9 9 5 1 8 3 0 6 9 5 4 2 9 4 4 0 2 0 1 0 9 1 0 5 7 3 0 4 8 1 3 8 7 6 8 8 5 1 8 5 4 8 5 8 6 4 0 9 4 3 5 1 7 1 9 6 7 9 2 2 6 8 2 8 1 4 1 6 8 8 8 2 2 4 7 9 4 4 4 8 9 7 0 8 3 0 8 1 5 1 8 7 7 5 4 0 1 3 7 5 4 1 5 5 0 6 2 7 5 9 5 1 1 7 7 8 4 7 7 7 8 9 7 7 5 7 2 1 8 7 3 3 3 2 8 0 1 9 4 9 8 8 4 7 9 9 0 9 0 7 4 2 2 2 
end solution 19
end try 19
begin try 20
best 1000778 time 9.360948
best 460 time 17.068267
best 373 time 30.945117
best 344 time 48.931759
best 290 time 68.900023
best 277 time 87.267125
best 269 time 136.563130
best 268 time 158.135628
best 252 time 217.525513
best 240 time 243.907257
best 234 time 257.458835
best 231 time 277.825891
best 227 time 291.225301
best 225 time 298.070080
best 223 time 304.875164
best 220 time 311.663475
best 218 time 318.459219
best 217 time 325.287438
best 216 time 338.937763
best 215 time 352.539212
best 213 time 359.344563
best 210 time 373.044424
best 206 time 379.857018
best 205 time 400.193791
best 202 time 406.953833
best 201 time 413.767887
best 200 time 441.082589
best 199 time 447.983200
best 198 time 475.268522
best 193 time 489.002230
best 192 time 502.617365
begin solution 20
feasible: evaluation function = 192
7 23 41 22 40 7 5 13 1 28 27 35 9 42 20 10 27 4 10 0 21 10 15 4 11 34 24 12 34 12 27 19 43 5 41 10 15 26 32 36 28 15 21 2 37 9 3 2 16 43 12 29 27 10 9 6 27 1 28 36 30 25 11 3 42 41 34 7 11 1 39 18 26 40 4 21 16 43 6 18 5 43 38 40 29 8 4 30 9 18 33 30 21 39 23 34 11 12 32 0 30 5 0 41 32 19 20 41 11 42 32 32 19 5 40 29 18 5 31 38 38 36 36 10 20 38 21 15 17 22 41 2 31 15 42 32 7 28 18 39 0 0 1 37 2 7 25 29 20 42 6 19 30 18 10 13 30 12 19 9 41 13 31 37 27 13 33 22 23 34 14 17 31 11 2 19 33 12 2 3 16 2 3 10 11 37 39 25 35 39 23 36 39 5 37 2 3 25 29 18 15 40 11 41 36 16 42 12 30 14 9 34 5 13 4 0 14 29 33 32 3 31 2 14 6 25 29 38 41 31 40 14 25 12 27 34 4 20 1 24 42 33 7 30 1 9 15 33 43 13 6 24 15 25 28 22 40 28 34 13 15 16 13 23 39 10 21 28 8 43 1 11 7 31 24 33 36 32 35 6 3 9 25 43 31 35 37 2 29 42 21 20 14 19 27 1 30 36 32 25 38 24 38 1 10 23 13 14 16 7 28 16 15 43 22 43 6 27 22 42 21 16 22 33 0 20 4 23 24 11 43 3 39 23 6 34 18 40 39 37 9 6 41 18 21 24 4 16 44 37 23 0 7 24 39 22 22 24 19 29 37 30 25 20 4 26 38 7 1 19 28 18 3 16 36 0 29 0 6 3 28 17 37 13 36 5 21 33 38 34 23 32 12 31 42 38 9 24 14 5 
1 6 9 3 8 7 5 3 6 3 3 2 3 1 3 4 5 7 1 5 6 0 9 2 7 4 0 0 8 2 9 6 2 3 3 3 6 0 4 6 9 4 5 2 0 4 3 4 5 5 1 9 7 6 7 1 0 4 6 5 7 9 9 5 2 8 2 3 8 5 2 2 5 6 9 0 1 4 2 4 7 8 5 7 0 4 5 2 5 1 0 3 4 4 3 9 2 4 6 6 0 0 9 0 8 3 1 5 3 5 5 2 4 4 4 6 6 1 3 2 9 2 8 8 0 3 2 2 0 1 4 5 2 3 8 0 5 7 9 0 7 2 8 3 3 4 2 1 6 9 3 0 1 8 5 8 6 5 5 2 6 6 6 2 1 9 5 7 5 3 8 5 0 5 1 2 7 8 7 7 3 6 4 7 0 8 5 8 0 6 4 0 3 6 6 0 1 7 2 0 8 2 4 2 9 6 3 3 4 9 6 5 8 2 3 0 1 4 3 7 6 8 9 4 4 0 7 6 7 5 0 7 4 7 4 6 1 5 9 4 6 2 6 9 2 1 5 9 9 1 7 6 0 6 0 9 5 2 0 4 1 0 0 8 1 9 9 4 0 0 7 6 0 4 5 1 3 3 7 6 8 8 5 1 7 5 4 8 5 7 3 4 0 9 8 3 5 1 1 1 0 3 8 0 2 2 7 5 2 8 1 4 7 6 6 7 8 2 2 4 1 9 4 4 4 8 0 7 9 1 3 9 8 1 5 1 5 3 7 5 9 0 1 3 8 7 4 8 5 9 0 1 2 8 9 0 5 1 1 8 7 8 3 7 8 7 7 9 1 7 5 7 2 7 7 8 3 3 9 0 8 9 1 5 4 9 7 8 4 7 9 9 9 9 0 1 0 2 2 2 
end solution 20
end try 20
