begin try 1
best 473 time 15.083506
best 348 time 49.355677
best 298 time 81.140836
best 268 time 112.926677
best 258 time 145.104608
best 240 time 172.685515
best 222 time 196.574249
best 219 time 291.968073
best 214 time 305.473888
best 209 time 312.742070
best 202 time 334.240896
best 199 time 341.507933
best 198 time 348.789755
best 193 time 356.130346
best 191 time 377.956957
best 189 time 385.201003
best 188 time 392.545801
best 185 time 407.163311
best 182 time 414.495260
best 178 time 421.725557
best 175 time 436.473607
best 171 time 458.481315
best 168 time 465.796269
best 167 time 473.241135
best 165 time 480.739983
best 163 time 488.120289
best 158 time 495.559747
begin solution 1
feasible: evaluation function = 158
20 4 42 40 11 42 44 16 13 39 32 29 19 31 2 11 19 13 19 43 11 7 38 5 34 0 18 27 33 42 16 37 36 5 2 18 10 34 9 21 30 3 25 7 28 43 23 34 39 42 5 7 37 17 33 28 5 26 32 38 19 4 15 12 30 9 30 22 40 42 12 3 23 24 20 0 31 42 33 7 12 44 7 36 0 29 41 15 0 22 4 10 37 25 40 7 18 13 37 10 4 30 11 14 43 39 5 43 2 23 40 37 30 3 34 34 36 12 1 3 41 20 20 39 32 8 12 3 33 9 14 18 13 41 16 28 41 12 24 37 32 1 15 9 43 10 8 12 42 43 1 2 34 13 20 0 25 41 32 6 0 1 19 5 34 15 43 39 26 18 20 31 21 38 36 21 24 5 25 29 19 21 32 21 24 21 4 7 40 38 4 34 40 20 16 6 28 21 29 40 41 22 18 21 14 18 41 25 24 13 13 33 0 14 24 33 4 42 30 22 5 37 1 14 21 32 33 38 14 34 36 18 38 27 9 22 6 32 4 6 27 23 42 13 11 14 30 31 19 39 37 18 23 1 20 2 33 12 15 27 22 39 27 17 42 6 0 0 16 31 25 15 16 23 28 36 7 40 27 31 6 8 19 30 31 6 39 43 13 22 28 16 39 21 16 32 30 36 15 44 10 34 33 22 2 31 14 29 10 30 1 20 7 25 25 38 12 15 10 27 40 41 11 22 41 14 27 38 16 25 36 15 5 1 20 28 13 43 9 37 25 28 23 40 19 38 5 3 39 38 4 31 19 9 14 24 2 11 18 37 10 27 6 15 2 22 11 29 16 2 9 9 3 24 11 36 1 43 23 29 33 0 2 10 29 23 3 31 9 41 36 7 6 10 3 28 24 27 28 24 
4 9 5 8 6 2 1 5 4 4 2 4 4 5 2 3 5 1 6 5 8 7 7 6 7 6 7 1 3 4 6 4 2 9 6 2 0 9 9 4 4 1 0 6 4 3 4 5 9 3 5 8 3 1 6 5 1 0 3 2 7 4 6 0 0 1 3 4 7 8 4 9 6 8 1 2 6 7 4 3 1 2 4 4 1 9 7 8 7 0 1 1 9 2 1 0 8 8 0 6 2 6 9 6 9 5 2 8 8 1 4 2 8 0 3 4 7 3 3 3 4 2 6 1 6 4 2 4 7 6 0 0 2 6 4 8 0 5 4 1 0 1 0 4 1 8 1 9 6 0 5 3 0 6 7 3 1 9 5 1 9 7 2 4 8 5 7 7 1 3 5 1 5 6 5 7 6 8 7 0 8 1 9 8 2 2 7 2 6 3 3 6 0 8 3 4 9 6 7 5 1 3 4 9 3 5 8 5 9 5 3 1 4 9 1 8 5 9 1 5 3 8 9 1 3 1 5 9 7 1 1 9 1 4 2 6 6 4 0 9 8 5 1 0 4 5 2 2 9 3 6 1 7 4 0 5 0 6 4 9 2 2 0 3 0 2 0 8 2 9 9 1 8 9 6 0 1 3 5 3 0 0 1 9 0 7 6 4 9 8 0 7 8 0 0 7 7 9 3 0 3 2 9 1 4 7 2 6 4 5 6 9 9 6 8 4 7 9 2 2 9 3 0 7 5 8 6 8 9 3 6 2 0 0 3 1 7 6 0 5 4 2 3 2 0 0 7 2 0 5 6 4 3 3 4 0 0 2 6 7 9 3 5 7 7 9 5 1 1 1 5 7 7 5 1 8 2 2 2 3 2 5 9 7 2 0 5 8 8 2 3 5 3 5 6 3 7 7 7 3 
end solution 1
end try 1
begin try 2
best 428 time 9.674197
best 328 time 43.468710
best 270 time 77.544035
best 249 time 105.299713
best 234 time 169.209328
best 220 time 202.956245
best 209 time 232.636114
best 200 time 320.454530
best 196 time 327.696970
best 189 time 335.007685
best 188 time 349.472549
best 187 time 364.000599
best 185 time 371.258626
best 181 time 385.854787
best 180 time 393.180190
best 177 time 400.484873
best 175 time 414.740599
best 173 time 422.018674
best 172 time 429.335428
best 167 time 436.718342
best 166 time 443.957949
best 164 time 458.568035
best 163 time 473.384255
best 162 time 480.749211
best 161 time 495.472133
best 156 time 502.803390
begin solution 2
feasible: evaluation function = 156
34 36 43 0 20 6 29 42 10 1 34 39 13 5 13 14 21 21 23 31 15 10 28 12 13 41 13 15 9 1 16 44 20 38 41 39 10 32 40 40 23 2 21 12 27 34 38 38 21 43 12 4 4 38 1 1 3 13 38 42 21 36 4 12 9 30 42 34 1 3 1 15 33 24 16 16 18 17 36 0 5 2 27 30 31 17 27 18 14 34 0 31 36 11 22 29 33 36 38 18 3 16 38 28 10 0 39 18 28 25 31 25 25 7 7 42 24 3 30 12 24 37 39 38 27 17 21 26 43 29 3 36 36 40 21 0 24 30 32 16 37 4 5 25 3 14 9 30 42 14 36 22 22 43 7 37 32 14 7 5 29 0 0 20 29 25 12 25 19 3 33 24 7 25 28 39 15 1 2 5 15 27 41 9 14 20 36 42 40 23 7 30 3 3 28 33 7 6 21 29 29 18 22 32 25 24 4 27 41 34 41 11 10 30 41 6 43 23 41 40 32 43 29 13 34 35 1 25 5 27 17 31 33 2 34 37 18 31 43 19 1 21 8 6 37 14 13 9 43 36 5 40 16 41 32 2 19 39 0 2 33 26 9 40 23 37 33 39 11 0 21 15 25 4 6 4 19 41 22 31 34 40 6 11 28 33 9 11 9 20 42 37 19 31 14 19 18 37 11 9 27 7 14 18 22 12 19 39 4 22 13 24 19 22 20 16 31 42 20 14 40 30 2 23 34 9 11 10 6 16 20 15 26 15 7 12 22 19 43 13 33 35 29 23 1 28 33 10 28 23 5 28 4 16 43 11 15 0 37 38 12 15 37 11 6 3 39 28 6 24 29 42 5 19 22 16 13 4 38 30 18 2 32 6 23 24 30 10 10 27 24 42 20 2 7 18 32 10 27 39 
4 9 5 6 4 2 4 5 4 1 0 1 4 5 9 3 8 1 9 5 8 7 7 6 7 5 3 4 3 6 6 1 2 9 6 2 0 6 2 4 4 1 0 2 9 7 6 8 9 3 5 5 3 4 9 2 1 2 3 9 7 1 8 1 1 0 3 6 7 8 4 6 6 8 1 2 6 3 4 3 2 2 4 1 1 2 5 8 5 1 1 2 6 6 1 2 5 8 1 4 2 0 5 2 6 5 0 5 8 1 7 8 2 2 3 4 7 7 7 3 9 2 9 2 6 0 2 1 7 6 0 0 2 6 4 8 0 5 4 4 1 1 0 4 4 8 9 4 2 0 5 7 2 6 7 3 1 6 5 3 9 7 2 1 7 7 4 6 3 3 8 1 8 9 5 7 9 3 3 1 5 1 9 5 1 0 7 1 7 3 1 6 9 5 3 9 9 5 3 8 1 3 6 9 3 5 9 8 2 5 3 1 1 9 4 8 9 6 1 5 7 8 0 1 3 1 5 0 7 0 1 6 1 4 2 9 9 4 1 4 8 5 1 0 4 7 8 2 2 3 9 1 8 0 0 6 0 6 4 9 2 2 0 3 0 0 0 8 0 9 6 3 5 6 9 0 1 7 8 3 9 0 3 9 9 3 7 4 4 5 0 7 5 0 4 7 7 8 3 6 3 0 9 1 4 7 2 4 4 5 6 6 9 9 7 9 9 6 6 2 9 3 0 7 8 8 5 8 6 7 9 2 0 0 4 0 3 6 0 5 4 0 3 1 0 6 7 2 0 5 6 4 7 3 4 2 1 0 6 7 9 7 5 7 4 6 5 1 1 4 5 7 4 8 0 5 0 2 0 2 2 5 2 7 2 2 8 5 9 2 3 8 3 8 6 0 3 3 7 3 
end solution 2
end try 2
begin try 3
best 470 time 11.374886
best 355 time 44.566274
best 300 time 71.689840
best 280 time 97.557233
best 247 time 123.055452
best 235 time 155.011749
best 227 time 214.124707
best 222 time 261.725018
best 217 time 275.398909
best 215 time 295.711878
best 206 time 302.867184
best 203 time 323.920692
best 200 time 331.127843
best 196 time 338.317617
best 195 time 352.328577
best 194 time 366.682752
best 192 time 373.823129
best 190 time 387.765986
best 189 time 394.966941
best 188 time 402.159800
best 187 time 409.308647
best 186 time 416.496984
best 183 time 430.945789
best 180 time 438.235239
best 178 time 452.745075
best 177 time 481.804077
best 176 time 503.671961
begin solution 3
feasible: evaluation function = 176
4 10 30 42 4 21 39 4 30 36 42 39 15 32 42 28 31 23 13 37 22 0 18 36 24 31 20 19 12 23 3 28 31 29 31 14 22 1 28 43 25 17 15 33 14 4 19 7 16 28 34 10 7 42 11 2 31 6 40 10 29 34 36 42 33 18 36 4 32 41 38 24 9 24 14 30 36 22 11 27 36 5 1 11 0 38 38 3 30 27 15 41 38 2 13 20 18 28 38 40 4 2 25 18 41 43 10 20 30 16 19 34 21 43 27 12 13 5 37 32 1 18 39 38 39 3 25 22 6 22 37 30 11 13 32 8 12 40 13 17 11 14 9 20 7 12 12 5 20 0 30 12 27 6 15 8 10 29 39 1 15 10 19 33 37 0 39 36 3 8 3 33 39 20 7 10 18 29 42 38 19 30 29 1 44 21 28 12 16 23 9 43 35 33 24 0 43 1 29 15 1 2 40 6 25 13 4 38 37 32 25 43 24 8 21 22 41 11 12 40 27 34 44 34 6 42 1 14 11 4 44 9 41 36 32 41 27 7 21 33 36 31 18 1 37 13 27 9 37 44 34 40 19 27 16 24 7 16 4 40 24 19 25 26 19 10 5 18 2 9 19 37 43 23 34 23 20 16 25 33 0 3 21 36 41 33 39 3 23 27 29 41 9 31 28 23 38 7 20 5 17 10 14 2 9 41 39 18 16 33 25 30 21 22 0 28 11 15 12 13 28 3 2 21 5 0 42 13 32 43 24 13 41 26 15 5 34 5 29 16 0 20 18 16 6 33 43 29 34 23 2 32 14 24 40 43 22 6 7 34 21 19 25 42 27 40 16 7 25 31 10 4 7 6 31 12 37 15 24 9 23 23 6 1 39 37 6 32 30 0 14 29 38 40 22 32 2 9 3 5 
1 4 5 5 6 0 1 8 4 1 2 4 4 5 6 1 5 1 9 5 5 7 7 0 7 6 7 4 3 9 6 4 2 4 9 2 0 0 2 4 4 0 0 2 9 3 9 5 9 3 8 5 3 4 9 5 1 0 3 6 3 4 5 0 0 0 3 9 7 8 4 9 6 8 1 2 6 3 1 1 2 2 4 4 1 9 5 5 7 0 1 2 6 9 1 6 5 5 0 6 2 6 5 4 9 5 9 5 8 1 3 5 5 2 3 4 7 7 7 3 6 2 6 2 9 9 2 4 7 2 1 0 2 6 4 2 0 5 4 1 0 4 1 4 4 8 6 4 2 0 9 7 2 6 7 3 1 6 5 3 6 7 1 4 8 3 7 7 3 1 2 1 8 9 8 3 6 8 3 1 5 1 9 5 2 2 7 2 7 3 3 6 0 8 3 9 9 8 7 5 1 7 9 4 3 5 5 8 9 8 7 1 4 0 4 7 5 6 1 7 4 2 0 1 3 1 9 0 3 0 1 9 1 4 2 6 9 9 1 9 8 8 1 2 4 3 8 2 6 3 9 1 8 6 0 5 0 6 4 2 0 2 0 1 0 0 1 8 2 8 6 3 8 6 6 0 1 3 9 3 6 1 7 9 4 7 3 4 4 5 0 7 5 3 9 7 7 2 3 6 3 2 6 1 4 3 2 9 4 5 6 6 9 6 8 0 7 9 9 2 6 0 0 3 5 5 8 8 9 7 6 0 0 0 3 0 3 9 1 5 4 0 3 2 1 6 3 2 0 8 4 1 7 1 4 0 1 2 6 7 6 7 8 7 7 0 8 1 1 4 8 7 7 8 0 5 0 2 2 0 2 5 9 7 0 2 5 6 3 2 3 5 3 8 9 0 3 7 7 3 
end solution 3
end try 3
begin try 4
best 534 time 10.296477
best 372 time 43.810519
best 319 time 69.151746
best 289 time 96.807556
best 285 time 120.308119
best 278 time 150.023904
best 269 time 181.973896
best 265 time 205.710384
best 244 time 233.442453
best 239 time 304.181898
best 237 time 310.999012
best 233 time 325.334789
best 225 time 332.516231
best 223 time 346.675391
best 222 time 353.904728
best 214 time 361.154659
best 208 time 368.405838
best 202 time 375.749953
best 195 time 390.281839
best 192 time 397.650554
best 188 time 412.285853
best 185 time 419.645563
best 184 time 434.291322
best 182 time 441.693267
best 181 time 449.034843
best 180 time 456.389762
best 178 time 471.207535
best 177 time 478.606060
begin solution 4
feasible: evaluation function = 177
3 34 19 37 23 43 23 23 24 37 38 14 20 14 32 4 2 1 1 25 0 36 37 38 27 42 16 40 31 0 37 23 4 18 4 5 30 31 19 6 26 28 31 40 9 34 18 7 1 23 32 0 35 5 22 6 17 13 42 30 20 36 24 39 9 4 15 38 18 22 38 15 41 21 29 10 32 2 40 33 11 39 0 19 12 23 33 43 10 13 15 31 27 13 19 23 27 39 26 24 40 18 39 43 24 38 41 30 32 20 25 12 36 9 41 39 29 37 7 4 35 29 24 28 32 9 42 33 13 12 18 19 11 34 36 40 32 13 34 41 15 27 16 18 2 18 23 31 10 34 28 25 15 20 3 3 39 25 6 29 42 4 20 11 28 11 9 11 14 1 1 21 4 5 22 39 19 27 22 41 3 10 16 10 32 7 19 22 40 21 13 7 43 15 43 33 28 34 8 18 30 6 41 16 20 29 24 9 2 38 2 3 38 12 22 38 1 11 33 34 13 7 29 30 44 11 31 6 0 21 44 15 24 0 6 6 20 12 0 42 15 25 13 14 25 29 36 14 27 12 7 42 42 1 40 32 34 39 26 1 21 27 10 40 27 25 29 40 42 15 9 0 36 25 28 43 29 1 10 5 3 12 11 14 42 14 31 43 2 25 3 33 16 7 33 16 18 22 36 21 30 25 28 6 10 5 2 31 16 21 39 10 36 21 41 4 39 31 12 24 19 28 20 38 30 41 16 37 3 43 7 22 37 5 9 14 28 29 4 33 9 3 34 6 2 5 32 33 22 2 10 17 24 18 5 37 41 34 1 21 40 23 13 22 11 28 9 16 37 21 41 12 32 43 30 16 8 0 7 36 27 19 30 30 36 7 13 42 0 33 19 11 27 37 2 43 6 24 31 38 
4 9 5 5 6 2 4 5 4 4 2 4 4 5 9 3 5 1 4 5 8 7 3 0 7 8 3 1 3 6 6 1 2 6 9 2 0 9 2 4 1 0 1 9 6 7 2 5 6 3 8 5 1 4 9 8 1 2 3 6 7 4 5 0 0 1 3 6 7 5 4 6 9 5 1 2 4 7 4 3 0 2 4 4 1 2 8 8 7 0 1 0 6 6 1 0 5 8 0 6 2 9 5 6 0 8 2 8 2 1 7 5 8 2 3 4 7 7 7 4 0 2 9 2 6 9 2 4 7 2 0 0 2 6 1 5 1 5 4 4 0 4 0 4 1 8 9 4 6 1 5 3 2 9 7 3 1 4 5 3 4 7 2 4 8 5 7 6 3 3 5 1 5 9 6 3 9 8 7 0 5 1 6 5 0 2 7 1 7 3 3 6 9 4 3 9 6 8 1 5 1 7 6 9 3 5 8 8 9 5 3 1 1 9 4 9 8 9 1 5 4 8 6 4 0 1 8 9 7 0 1 9 1 1 0 6 6 4 0 9 5 9 1 0 1 8 6 2 9 3 9 1 7 0 0 5 0 6 4 2 2 2 3 3 0 0 0 8 0 8 1 3 5 6 9 0 4 7 8 3 9 0 3 6 6 7 5 4 6 8 0 7 2 3 6 7 3 8 3 9 3 2 4 1 4 7 2 2 4 8 9 9 9 6 7 6 7 6 6 2 6 3 0 7 5 8 5 8 6 7 4 2 0 0 3 1 7 9 0 5 4 2 3 2 0 6 3 2 0 8 0 4 7 1 1 2 1 2 9 7 6 7 8 3 7 1 5 1 1 4 5 7 7 5 2 8 0 2 1 2 1 8 9 7 0 0 9 5 9 0 3 8 3 9 4 1 3 3 7 3 
end solution 4
end try 4
begin try 5
best 499 time 11.657884
best 360 time 45.427753
best 309 time 77.150979
best 286 time 106.644776
best 281 time 132.354502
best 274 time 161.940737
best 248 time 225.566577
best 245 time 255.347675
best 237 time 288.656489
best 232 time 309.023606
best 230 time 316.289309
best 228 time 329.989637
best 225 time 336.916572
best 223 time 372.270423
best 222 time 379.574208
best 220 time 386.463245
best 219 time 393.740620
best 218 time 401.068313
best 216 time 408.282032
best 213 time 444.601529
best 212 time 459.006311
best 209 time 466.196499
best 207 time 487.946640
best 205 time 495.206793
best 204 time 502.449968
begin solution 5
feasible: evaluation function = 204
44 28 38 1 36 4 22 6 37 8 0 15 27 18 32 31 20 32 20 13 9 9 19 39 25 37 39 10 34 5 1 42 38 29 32 21 14 6 6 14 17 16 24 22 11 18 1 20 42 10 25 42 30 9 34 16 10 14 30 43 1 31 38 2 32 3 21 37 1 7 29 21 13 2 8 37 30 38 2 19 29 27 40 18 28 27 30 42 11 4 44 6 24 22 20 1 22 27 9 25 31 5 40 36 34 7 19 3 33 6 29 21 36 18 36 29 28 3 5 31 8 10 36 28 11 39 9 39 0 9 43 42 38 28 43 3 4 14 9 41 31 23 42 32 17 33 20 14 17 22 28 43 44 10 12 14 19 3 0 4 12 18 2 6 25 33 23 43 21 12 24 36 13 18 39 29 2 19 42 30 33 1 22 10 5 43 7 34 42 0 20 23 23 15 16 7 4 4 34 41 7 4 0 6 41 23 34 10 33 40 16 0 24 37 38 2 32 12 37 38 37 41 27 4 1 35 14 7 0 11 18 23 41 23 19 7 24 25 37 20 21 19 13 12 15 34 43 23 31 39 9 25 31 40 12 41 17 29 16 3 19 25 21 3 33 15 25 15 28 22 13 25 21 38 15 40 19 41 5 33 1 5 10 27 16 27 2 21 38 29 40 13 16 20 30 11 6 11 9 27 5 13 28 34 12 16 13 40 36 30 21 34 43 14 31 7 31 24 19 32 40 5 24 33 1 39 18 13 29 24 3 14 12 18 27 11 7 4 10 41 11 35 2 36 26 18 41 42 39 42 0 30 32 6 13 11 43 33 0 15 10 20 16 40 26 3 36 31 33 22 2 32 14 37 15 0 20 38 2 15 34 41 3 36 7 16 28 39 9 30 28 27 37 43 15 23 5 25 39 24 
4 4 5 8 6 2 1 5 4 4 2 1 1 8 9 3 5 1 9 5 5 7 7 9 7 5 3 4 3 9 0 4 0 9 6 2 0 6 2 4 1 0 1 2 9 7 6 8 6 3 5 8 1 1 9 8 1 2 3 6 4 4 8 1 0 0 3 9 7 5 1 9 6 5 1 2 6 7 4 3 2 0 4 4 1 2 7 5 3 0 1 0 6 9 1 2 5 8 0 6 2 6 5 0 4 8 6 5 8 1 7 5 8 2 3 4 7 7 7 7 0 2 9 0 6 6 2 4 4 9 1 0 1 6 4 8 1 8 4 4 0 4 1 4 4 9 6 9 2 0 8 7 0 9 7 3 1 6 8 3 9 3 0 4 8 5 7 3 1 3 5 1 3 9 5 3 6 5 7 0 6 1 6 5 2 2 7 0 3 3 3 6 9 5 3 0 9 5 7 0 1 7 9 9 3 5 5 8 4 8 4 1 4 6 4 9 5 6 1 3 7 2 9 4 3 1 5 4 7 0 1 0 1 1 0 9 2 9 0 4 8 8 1 2 4 8 5 2 9 1 6 1 5 6 0 8 0 0 1 2 2 2 0 3 0 0 0 8 2 8 9 3 7 9 9 0 4 7 5 3 9 1 7 4 6 3 7 4 6 5 1 7 9 0 9 7 7 5 3 6 3 0 9 1 4 7 2 2 4 5 6 6 9 6 8 6 6 9 9 2 9 0 0 7 5 2 5 8 6 7 4 1 1 0 7 1 3 6 0 6 4 0 3 2 0 6 9 2 0 9 6 4 3 3 4 2 0 2 0 7 6 7 5 3 1 1 5 1 1 4 8 7 7 8 2 5 2 2 2 3 2 5 9 7 2 2 5 8 8 2 3 5 3 8 6 3 4 4 7 3 
end solution 5
end try 5
begin try 6
best 479 time 14.070318
best 378 time 47.253938
best 336 time 77.286828
best 285 time 108.788474
best 273 time 130.069440
best 246 time 180.832684
best 245 time 260.549092
best 240 time 280.492456
best 236 time 287.310055
best 232 time 294.561230
best 230 time 315.625729
best 220 time 329.774120
best 216 time 336.710010
best 214 time 351.243757
best 213 time 358.551594
best 206 time 365.836846
best 205 time 373.139105
best 196 time 380.434025
best 189 time 387.757971
best 188 time 395.109791
best 186 time 402.468035
best 184 time 409.749223
best 183 time 431.823284
best 182 time 439.188318
best 181 time 453.884147
best 180 time 461.250256
best 178 time 468.582124
best 177 time 475.970114
best 176 time 490.721064
best 174 time 498.121498
best 173 time 505.618255
begin solution 6
feasible: evaluation function = 173
35 15 10 14 38 24 4 23 10 19 30 24 5 37 27 30 31 12 32 5 0 32 13 23 37 12 21 3 2 36 37 23 5 41 3 10 38 22 28 21 44 17 16 6 41 15 18 29 2 5 33 18 15 10 19 28 3 23 14 14 18 42 3 21 6 15 16 10 22 16 30 19 13 41 34 40 10 2 41 39 16 21 0 33 25 20 40 3 11 23 16 6 2 33 29 30 13 32 14 31 38 33 7 0 31 21 38 14 40 6 3 25 4 14 43 13 28 2 34 18 44 27 21 2 28 25 34 0 19 39 7 1 36 16 11 9 40 12 20 30 21 34 7 27 32 30 7 25 25 9 2 7 41 33 23 38 33 12 23 28 29 4 4 6 24 0 25 32 41 22 4 37 27 15 0 16 18 23 6 30 9 24 42 2 38 7 16 28 10 12 31 7 14 3 29 40 23 20 44 6 22 29 31 37 7 22 25 0 1 6 9 13 14 5 36 39 13 22 39 36 24 19 34 42 20 19 18 16 13 9 17 32 4 31 20 9 43 5 15 14 32 34 23 26 2 22 43 39 27 1 39 8 43 42 34 30 13 19 39 1 11 29 41 9 3 2 24 21 36 24 1 0 36 6 9 11 32 0 41 20 40 41 1 32 28 20 39 35 12 37 11 30 36 5 39 15 33 1 27 30 37 31 34 26 38 21 22 11 40 27 4 18 11 36 10 24 19 24 13 15 29 12 1 41 25 38 20 39 13 14 4 43 31 10 12 4 7 42 43 29 18 28 40 37 20 37 31 9 29 4 26 37 27 42 28 42 33 17 43 3 3 19 7 9 6 43 16 27 43 12 38 38 40 15 5 42 0 18 27 36 25 1 22 1 32 36 24 10 43 40 34 19 11 5 18 22 29 42 11 25 
1 9 5 5 6 2 4 5 1 4 2 4 4 8 6 3 5 1 9 8 9 7 7 6 7 5 7 4 3 6 6 4 2 6 9 2 0 6 9 4 1 0 0 6 9 7 6 8 9 3 5 8 3 4 9 5 1 2 3 6 7 4 5 0 0 0 3 6 7 8 4 6 9 5 1 2 9 7 4 3 2 2 4 4 1 6 5 8 5 0 1 2 6 2 1 9 8 5 0 6 1 6 8 6 9 5 9 8 8 1 7 5 7 2 3 4 7 1 7 3 0 2 6 2 6 9 2 1 7 6 1 1 1 6 4 5 0 2 4 1 1 4 0 4 4 8 9 4 6 1 8 7 2 9 3 3 1 6 8 3 6 3 2 4 7 5 7 3 1 3 8 1 8 6 8 4 0 7 3 0 8 1 6 5 2 2 7 0 7 3 3 6 9 2 3 6 9 5 3 8 1 4 1 0 3 5 2 2 9 5 4 1 1 9 4 7 5 4 1 5 3 8 6 1 1 1 5 9 3 0 1 0 1 4 2 9 9 6 1 4 8 5 1 2 4 8 8 2 9 3 0 1 7 9 0 5 0 2 4 2 2 2 3 3 0 0 0 8 0 5 6 3 7 9 6 0 1 7 8 3 9 0 7 6 4 7 5 4 9 5 1 7 8 0 9 4 3 5 3 6 3 2 9 1 4 3 2 6 4 5 9 4 9 9 3 9 0 6 2 2 9 0 0 7 8 8 8 8 6 7 6 2 0 0 7 0 4 0 0 5 1 2 3 2 0 9 7 2 0 5 0 4 7 3 1 2 0 2 6 3 6 3 5 7 7 4 5 1 1 4 5 7 7 5 1 5 0 2 0 3 0 8 9 4 2 2 8 8 5 1 3 5 3 5 9 0 7 7 7 3 
end solution 6
end try 6
begin try 7
best 437 time 12.834233
best 326 time 46.646411
best 284 time 76.263729
best 255 time 108.248024
best 252 time 142.403026
best 249 time 174.343611
best 233 time 199.976563
best 229 time 234.403007
best 221 time 267.183112
best 215 time 306.233665
best 211 time 313.400211
best 206 time 320.321219
best 203 time 327.207686
best 196 time 341.322003
best 193 time 348.257547
best 192 time 369.163007
best 191 time 376.111540
best 189 time 390.627856
best 188 time 412.346941
best 186 time 426.799194
best 184 time 477.455179
best 183 time 484.738503
best 181 time 492.027901
best 179 time 499.272764
begin solution 7
feasible: evaluation function = 179
18 1 15 19 2 43 36 23 39 5 27 38 3 37 4 12 29 37 28 20 34 19 13 31 1 30 14 42 21 4 24 17 34 25 25 42 11 15 23 5 43 16 0 18 43 12 44 25 10 0 32 1 27 29 19 9 33 5 30 13 3 0 33 31 41 33 26 18 32 0 13 11 20 28 44 39 3 3 43 6 31 10 27 28 40 13 20 2 28 9 38 29 33 19 19 6 0 4 20 10 15 0 25 41 40 21 28 7 7 23 7 11 14 33 22 2 12 9 42 18 35 2 40 8 36 30 30 31 21 30 1 2 18 21 4 5 29 16 40 15 4 33 4 13 41 12 12 22 32 40 12 7 13 37 30 14 20 32 41 20 10 41 28 14 18 0 40 24 38 10 23 32 10 14 4 34 3 13 38 41 15 24 21 32 41 23 34 26 31 29 25 32 1 22 21 19 31 24 27 25 9 6 27 42 13 31 29 33 37 13 36 7 11 44 24 31 18 43 27 6 29 10 39 30 24 35 22 41 16 26 30 6 18 6 6 4 23 23 13 9 6 32 34 23 32 16 5 12 1 15 25 2 20 27 37 21 36 11 39 11 7 21 11 44 44 3 30 39 0 43 38 32 16 3 33 21 9 2 11 37 20 6 22 5 12 37 3 42 14 0 27 1 9 5 5 4 39 39 42 16 4 14 34 6 0 1 12 40 20 16 7 22 43 39 39 14 36 10 42 38 29 33 38 11 19 10 27 1 16 25 12 24 24 7 20 16 31 9 36 37 19 11 41 14 28 22 37 5 25 36 38 17 22 43 7 31 3 28 15 2 34 9 3 39 22 18 34 25 15 34 30 43 24 29 36 27 42 15 9 22 34 43 36 28 10 37 41 36 16 19 28 5 1 18 21 29 35 40 15 23 
4 6 5 5 6 2 4 5 1 1 2 4 1 5 2 3 5 1 9 5 5 3 7 6 7 5 7 1 3 9 6 4 0 4 6 2 0 9 6 4 4 1 0 2 9 7 2 5 9 3 5 5 3 4 6 8 1 2 3 6 3 4 5 1 1 0 1 6 7 8 4 6 6 8 1 2 4 7 1 3 2 0 4 4 1 9 8 5 5 0 1 2 6 2 1 6 5 8 0 1 0 9 8 9 9 8 6 5 8 1 7 5 5 2 1 4 1 7 7 3 0 2 6 0 6 6 2 4 7 9 0 0 0 4 4 8 0 5 4 4 1 4 0 1 4 5 4 6 2 0 8 3 2 9 7 3 1 6 5 3 6 7 1 1 7 7 3 9 3 3 8 1 7 9 5 3 9 8 7 0 8 1 6 8 2 0 7 2 7 3 3 0 9 5 1 9 9 5 7 2 1 7 6 9 3 5 6 8 6 5 7 1 4 4 4 8 5 0 1 8 7 5 0 4 3 1 8 6 7 0 1 9 1 4 2 6 9 4 0 9 5 9 1 2 4 2 5 2 2 3 9 1 2 9 0 5 0 2 4 9 2 2 3 3 0 2 0 9 2 8 6 3 3 6 9 0 4 3 8 3 9 0 3 9 9 4 8 4 4 6 0 1 5 3 6 7 7 8 3 4 3 2 9 1 1 4 0 2 4 8 6 0 6 6 5 6 3 4 6 2 9 3 0 7 8 8 8 8 6 7 6 2 0 0 7 0 3 6 1 8 4 1 3 0 0 9 7 0 0 8 9 1 7 3 4 0 0 2 6 7 6 3 5 3 4 9 8 1 1 4 8 7 7 8 2 5 0 2 2 2 2 5 9 7 2 2 8 5 9 0 3 7 3 8 9 1 3 7 7 3 
end solution 7
end try 7
begin try 8
best 462 time 14.987357
best 349 time 48.447360
best 318 time 75.817892
best 297 time 103.490325
best 270 time 133.270381
best 251 time 165.163018
best 241 time 199.295805
best 240 time 231.417938
best 230 time 265.415869
best 229 time 305.344129
best 225 time 319.051031
best 221 time 333.583962
best 219 time 348.045883
best 217 time 354.994509
best 213 time 362.331334
best 208 time 376.574920
best 203 time 383.878961
best 202 time 391.206955
best 200 time 398.531539
best 199 time 405.840709
best 198 time 413.383854
best 197 time 420.712370
best 196 time 428.029522
best 194 time 435.371508
best 190 time 442.703239
best 181 time 450.021138
best 180 time 457.384474
best 176 time 464.761361
best 173 time 479.487104
best 171 time 486.798979
best 168 time 493.718569
best 164 time 501.328868
begin solution 8
feasible: evaluation function = 164
41 27 13 6 19 42 17 3 21 2 43 43 40 18 4 39 6 13 5 29 39 36 14 4 12 27 11 7 31 20 30 19 36 18 25 3 41 42 25 36 13 25 17 36 6 10 25 28 23 14 42 24 15 5 13 12 26 2 6 10 18 33 43 11 16 28 6 21 16 38 0 9 34 9 30 19 13 21 33 34 7 14 24 32 16 2 32 37 9 38 1 5 6 11 9 43 29 4 37 28 6 31 24 34 36 20 40 33 27 43 20 33 14 30 22 7 37 3 43 27 31 29 18 44 33 39 31 25 30 39 18 24 0 2 9 2 41 4 22 44 5 38 4 3 21 40 11 32 16 36 28 42 30 40 29 18 34 28 40 38 41 39 34 15 21 6 16 20 37 42 12 37 41 19 7 40 30 7 0 22 5 35 21 23 15 22 33 35 23 7 23 5 42 7 9 41 7 11 36 22 32 30 27 22 1 20 20 14 22 25 1 18 23 1 4 9 23 15 5 18 21 34 39 20 10 17 32 38 33 15 25 23 12 14 10 39 14 37 34 6 0 33 2 21 28 19 31 23 24 25 27 8 39 32 20 13 40 3 34 12 31 40 9 41 8 40 29 10 9 1 0 29 16 39 37 4 6 1 36 19 11 10 12 1 29 12 31 15 32 0 24 5 1 28 16 31 32 19 1 29 5 37 38 28 31 19 19 13 37 42 24 18 0 43 34 12 24 4 10 0 9 20 12 38 15 16 25 32 27 34 23 41 21 29 44 23 25 14 11 33 3 11 27 36 3 12 40 27 43 24 14 22 2 3 38 13 20 7 42 19 15 2 30 43 15 29 43 27 14 42 37 10 42 36 10 5 28 38 2 13 31 22 16 7 0 18 38 16 33 32 39 21 0 30 30 11 24 28 13 4 
4 4 5 8 6 2 4 5 1 4 2 4 4 5 2 3 5 1 9 5 5 7 7 6 7 5 7 4 3 6 6 4 2 4 9 2 1 0 2 4 4 0 0 6 9 7 6 5 4 3 5 8 3 4 0 5 1 0 1 6 7 1 5 1 0 0 3 9 7 8 4 6 6 8 1 0 6 7 4 3 0 2 4 4 1 6 5 8 5 0 1 2 0 9 1 9 8 8 0 6 2 6 2 9 9 8 9 0 8 1 7 5 8 0 3 1 7 7 3 7 9 2 6 0 6 4 2 4 3 2 0 0 0 9 4 5 0 5 1 1 0 4 0 4 4 8 4 0 6 1 8 7 2 6 7 3 1 9 5 3 6 7 2 4 8 7 3 9 3 1 8 1 5 9 6 7 4 8 7 0 8 1 6 8 2 2 3 0 7 3 3 6 9 5 3 9 9 5 3 8 1 7 9 9 3 2 5 5 6 5 7 1 1 6 4 7 5 9 1 8 3 8 0 4 3 1 8 6 7 0 1 9 1 4 1 6 9 6 0 6 8 2 1 2 4 8 8 2 9 3 0 1 8 9 0 8 0 6 4 2 0 2 0 3 0 1 1 5 2 2 9 3 5 9 9 1 4 4 8 3 6 0 3 9 4 4 5 1 6 5 1 7 5 3 4 7 7 5 0 6 3 2 9 1 4 7 2 9 4 8 6 9 6 6 5 6 3 9 9 2 9 3 0 7 5 2 8 3 6 7 6 2 0 0 3 0 7 6 0 8 1 2 3 0 0 9 3 2 0 5 0 4 3 3 1 2 1 2 6 1 6 7 5 7 7 9 8 1 1 4 5 4 3 5 2 5 2 2 2 3 1 5 9 7 1 2 5 8 9 2 1 5 3 8 9 3 7 7 7 3 
end solution 8
end try 8
begin try 9
best 467 time 13.458651
best 341 time 47.049653
best 288 time 76.522048
best 250 time 104.155401
best 232 time 134.204015
best 213 time 160.010618
best 211 time 192.299559
best 202 time 224.492351
best 196 time 287.451130
best 194 time 308.990079
best 193 time 345.442925
best 192 time 352.732367
best 189 time 360.059684
best 187 time 381.679794
best 183 time 447.541910
best 176 time 454.824843
best 175 time 476.926841
begin solution 9
feasible: evaluation function = 175
12 10 31 22 16 43 13 1 31 7 19 25 12 1 30 36 29 29 19 21 18 24 0 11 10 7 32 22 6 39 3 39 7 21 9 4 37 41 36 42 35 17 7 6 41 39 22 20 2 3 5 33 16 4 39 19 13 39 19 31 37 10 13 5 34 3 7 23 16 15 29 18 18 0 17 22 1 23 40 9 37 0 16 6 28 2 28 9 11 15 37 5 14 27 25 33 32 36 36 27 18 25 9 34 36 15 9 33 30 35 14 36 38 16 11 0 41 42 13 9 32 43 38 4 28 3 9 16 25 15 3 6 10 37 2 42 38 16 15 41 23 38 5 27 27 21 12 28 40 11 43 21 26 33 11 4 4 29 25 23 11 5 7 44 38 24 28 31 40 40 30 1 4 38 37 43 23 0 29 40 4 33 13 14 29 24 15 2 3 27 10 13 29 23 18 30 12 27 6 23 21 12 36 32 20 14 39 42 34 33 13 15 14 42 11 2 36 22 11 12 31 7 14 17 37 10 6 25 22 28 22 37 30 18 12 31 30 3 41 20 39 12 38 1 33 10 33 30 5 33 41 8 13 19 24 3 33 0 44 1 34 16 39 42 14 21 24 20 27 27 16 12 40 34 25 9 14 29 40 1 27 32 22 42 1 43 11 31 7 0 20 40 34 28 4 41 30 43 15 0 30 12 4 32 39 27 41 37 21 7 15 22 24 19 24 2 23 24 15 25 6 31 34 36 28 34 6 24 20 9 20 14 10 30 8 36 0 43 13 29 28 1 38 20 20 0 18 43 8 18 5 19 1 25 5 42 29 11 43 2 10 32 25 43 34 31 19 6 9 42 3 5 38 16 21 21 42 23 19 3 38 39 32 7 2 40 41 4 13 28 2 5 24 23 6 18 18 20 32 14 
1 6 5 5 6 0 4 8 1 4 0 4 4 5 6 3 8 1 4 5 8 7 3 6 7 6 7 4 3 9 6 4 2 6 6 0 0 9 4 1 4 0 0 2 6 7 9 8 4 3 5 5 3 4 0 5 1 2 3 2 7 4 5 0 1 0 3 4 7 5 4 9 6 5 1 2 6 7 4 3 2 0 4 4 1 6 5 8 8 0 1 2 6 2 1 2 5 2 0 6 2 6 5 6 9 8 9 7 5 1 7 8 8 0 3 1 7 7 7 4 6 2 6 2 9 9 2 1 7 2 1 0 2 4 1 8 0 5 4 1 0 4 1 1 4 9 6 6 6 0 8 3 0 6 7 3 1 6 5 1 9 7 1 4 5 9 7 6 1 3 8 1 7 9 5 4 6 8 3 0 8 1 6 8 2 2 7 0 7 3 3 9 9 5 3 4 9 5 7 8 1 7 6 9 3 5 8 5 4 8 3 1 1 6 4 5 5 0 1 5 7 8 9 4 3 1 5 9 3 0 1 6 1 4 0 0 9 4 0 9 6 8 1 2 4 5 9 2 9 3 4 1 2 9 0 5 0 2 1 9 2 2 3 3 0 2 1 5 0 8 9 3 5 9 0 0 4 7 8 3 9 0 7 9 4 3 5 4 9 6 0 7 8 3 9 3 7 5 3 4 3 2 6 1 1 7 2 9 4 5 9 6 6 6 5 9 3 4 6 2 9 3 0 7 8 5 8 8 4 7 6 2 0 0 3 1 7 6 0 5 4 0 3 2 1 9 7 1 0 5 6 1 7 3 4 0 0 2 9 7 9 3 8 7 3 9 8 1 1 4 8 3 7 8 0 8 2 2 2 2 2 5 2 7 2 2 5 5 8 2 3 8 3 9 6 0 1 7 4 3 
end solution 9
end try 9
begin try 10
best 456 time 13.812825
best 343 time 47.093362
best 296 time 78.572105
best 265 time 107.921981
best 250 time 162.636685
best 231 time 205.069884
best 228 time 240.480109
best 226 time 277.965515
best 222 time 291.218002
best 218 time 298.102262
best 209 time 304.564679
best 206 time 311.835239
best 205 time 325.504177
best 201 time 332.684066
best 193 time 346.741810
best 187 time 361.326415
best 186 time 375.128436
best 184 time 381.969410
best 183 time 389.285304
best 182 time 403.937373
best 181 time 411.256525
best 180 time 440.474742
best 179 time 476.913097
best 174 time 484.163196
best 173 time 491.651813
best 171 time 498.946181
best 166 time 506.248198
begin solution 10
feasible: evaluation function = 166
16 36 0 3 25 32 8 3 39 41 16 13 12 33 3 43 30 28 30 16 13 27 37 14 27 2 4 27 39 9 23 29 25 24 25 9 11 42 19 19 35 35 3 7 38 4 40 27 40 7 24 25 23 34 30 40 8 25 32 9 9 38 43 4 33 31 7 16 10 41 24 8 6 21 17 20 41 6 33 20 34 15 18 11 14 4 10 11 4 7 2 41 43 12 33 25 31 21 19 37 29 15 2 27 15 22 1 23 9 41 32 10 28 38 11 42 21 3 43 25 17 42 38 41 14 2 12 40 6 2 27 2 39 13 4 40 21 34 21 2 28 5 9 10 23 6 43 31 37 12 5 5 19 15 39 35 1 20 43 40 10 32 6 44 25 39 12 24 22 13 18 5 41 33 28 25 7 22 18 14 41 25 7 6 36 18 19 23 34 15 31 1 42 13 31 16 3 14 23 10 10 31 18 14 39 29 9 6 1 37 0 43 0 33 30 4 38 39 21 29 33 7 13 27 15 35 31 34 19 42 26 11 0 36 10 38 24 21 0 28 37 12 19 29 24 7 5 30 22 2 0 18 29 27 16 18 37 5 6 39 18 11 37 44 39 1 22 34 31 19 34 28 22 19 20 30 37 33 0 42 10 13 30 32 40 15 19 15 28 1 23 40 38 9 5 24 42 12 21 32 14 1 4 38 20 0 21 28 37 33 7 22 37 32 0 4 28 43 18 6 21 9 36 40 9 22 22 7 43 16 41 16 3 20 13 42 36 23 11 36 31 43 34 33 30 31 3 3 22 29 6 4 29 36 20 2 5 14 11 12 40 38 36 41 18 34 13 29 34 3 16 20 28 23 13 27 12 23 24 30 24 10 17 1 5 27 42 14 12 26 32 20 16 0 36 1 38 36 2 29 
4 6 5 5 4 2 4 8 4 4 2 1 4 8 6 3 5 1 9 8 4 7 7 6 3 8 3 4 1 4 9 4 0 9 6 2 0 6 6 4 4 0 0 2 9 7 2 5 6 3 5 8 3 4 6 5 1 2 1 6 7 4 5 0 0 0 1 6 3 8 1 0 6 5 1 2 9 7 4 3 2 2 4 4 1 2 7 5 8 0 1 2 0 6 1 9 8 8 0 9 2 9 5 6 1 4 6 5 5 1 7 8 5 2 3 4 7 3 7 7 0 2 6 0 4 6 2 4 3 9 0 0 2 6 4 8 0 8 4 4 0 4 0 4 4 4 9 6 2 1 5 3 2 6 7 3 1 6 8 1 6 4 2 1 5 5 3 3 3 3 8 1 3 9 8 3 9 5 3 0 5 1 6 5 2 0 3 2 7 3 1 4 9 8 3 9 9 8 7 2 1 7 9 9 3 6 9 8 9 8 3 1 4 6 4 5 5 6 1 5 3 8 9 1 0 1 5 9 7 1 1 9 1 4 0 0 6 9 0 6 5 9 1 0 4 7 8 2 2 3 6 1 9 9 0 5 0 9 1 9 2 2 3 3 0 2 1 5 2 8 6 3 7 9 9 1 4 7 9 3 9 0 7 0 0 7 5 4 9 5 0 3 8 3 6 7 7 5 3 6 3 0 6 1 1 7 2 2 1 5 4 9 6 9 2 9 4 4 6 0 6 1 0 7 8 8 6 5 6 7 6 1 1 0 7 0 3 6 1 5 4 2 3 2 0 9 7 2 0 8 9 1 7 1 4 2 0 2 6 7 9 3 8 7 7 0 5 1 1 4 5 7 7 8 2 8 0 1 2 3 0 5 2 7 2 2 5 5 8 0 3 5 3 8 9 3 7 7 7 3 
end solution 10
end try 10
begin try 11
best 465 time 18.630450
best 332 time 52.357052
best 280 time 77.836041
best 258 time 105.460535
best 250 time 133.254845
best 245 time 167.310971
best 244 time 192.874517
best 239 time 220.264478
best 235 time 294.599551
best 228 time 301.090871
best 218 time 315.251085
best 216 time 322.460499
best 206 time 336.661436
best 196 time 358.466626
best 187 time 365.736140
best 185 time 372.916690
best 182 time 387.418269
best 178 time 394.739414
best 168 time 409.271546
best 167 time 423.811562
best 162 time 431.076909
best 159 time 445.674202
best 158 time 453.004477
best 157 time 467.517332
best 156 time 474.809802
best 155 time 489.365045
best 154 time 496.705272
begin solution 11
feasible: evaluation function = 154
20 43 25 21 13 25 3 33 25 41 34 24 38 29 37 15 12 32 12 22 23 25 25 11 42 6 9 11 6 3 1 33 43 28 14 3 25 16 38 40 31 5 29 39 6 43 38 29 39 4 34 32 22 4 4 43 35 39 21 19 12 22 24 37 27 23 38 16 13 1 12 21 14 13 8 11 25 13 18 41 12 18 23 21 28 30 28 43 32 21 10 1 11 6 38 18 10 12 15 42 2 43 15 0 32 36 39 21 2 24 20 19 32 20 30 10 43 15 6 4 32 6 23 41 28 35 41 9 36 15 18 13 5 12 12 40 43 13 25 15 22 2 1 29 36 31 22 27 42 28 37 31 1 30 23 8 9 41 28 0 40 24 37 8 39 12 28 1 31 18 2 27 40 4 10 36 19 41 22 4 25 34 3 36 17 32 37 10 12 34 42 1 10 33 40 7 37 29 30 19 36 38 33 30 9 30 3 18 25 23 11 0 19 16 3 16 33 40 7 18 34 24 33 16 33 44 6 36 16 35 14 3 22 5 15 34 29 34 16 0 4 14 42 29 39 11 18 31 24 33 34 40 16 2 14 38 0 13 41 21 14 19 39 19 17 0 5 31 23 9 7 18 0 23 43 13 37 3 20 5 28 31 27 30 6 42 4 33 5 9 20 0 7 32 20 41 32 39 10 5 11 27 40 23 7 10 34 16 37 42 20 15 44 31 5 9 22 38 41 38 19 16 2 23 28 5 37 0 10 1 13 11 29 30 10 24 7 36 9 38 6 21 43 28 36 42 7 15 26 15 24 20 27 4 1 32 2 13 14 18 9 7 36 0 29 6 40 21 19 39 42 37 29 27 40 2 26 42 7 3 22 30 27 26 24 4 14 27 9 31 30 34 11 1 31 14 19 24 27 2 
1 4 5 5 4 2 4 8 1 1 2 4 4 6 9 3 5 1 0 5 8 7 3 6 7 5 7 4 3 0 6 1 2 6 4 2 0 0 9 4 4 1 0 6 6 7 6 5 9 1 5 4 3 4 6 5 1 2 3 0 3 4 8 0 0 0 3 6 3 5 1 6 6 5 1 2 6 7 4 3 2 2 4 4 1 2 7 8 5 0 1 1 9 2 1 6 8 8 1 6 2 6 5 9 9 5 0 7 5 1 3 5 8 2 1 4 1 7 7 7 6 0 6 2 9 4 0 4 3 9 0 0 2 6 4 8 0 8 4 4 0 4 0 4 4 5 6 6 9 0 8 7 2 6 3 3 1 6 8 3 0 7 2 4 5 9 3 7 3 1 9 1 7 9 5 7 6 5 7 0 8 1 6 2 1 0 7 2 7 3 3 9 9 5 3 0 6 8 7 8 1 7 6 9 3 5 5 5 9 5 7 1 4 9 1 5 2 9 1 9 7 5 9 4 0 1 8 9 7 0 1 9 1 4 2 9 9 6 1 6 8 8 1 2 4 5 8 2 9 3 4 1 8 6 0 8 0 6 4 9 2 2 3 3 0 2 0 8 2 2 6 3 5 9 9 1 4 7 5 3 4 1 3 4 9 4 5 4 9 5 0 4 5 3 9 7 7 7 0 6 1 2 6 1 4 7 0 2 1 8 6 6 0 6 7 9 9 0 9 2 9 3 0 7 5 5 5 8 6 3 9 0 1 0 3 0 7 6 0 5 4 2 3 2 0 0 9 0 0 8 6 4 4 3 4 2 1 2 9 7 6 3 8 7 7 1 5 1 1 1 5 3 3 5 2 8 2 2 2 3 2 8 9 1 2 2 5 8 8 0 3 8 3 8 9 3 7 3 7 3 
end solution 11
end try 11
begin try 12
best 476 time 11.713456
best 363 time 45.631723
best 314 time 79.095619
best 280 time 108.621776
best 260 time 136.109892
best 236 time 163.610585
best 230 time 220.841545
best 229 time 277.857056
best 218 time 284.643999
best 215 time 297.948645
best 213 time 305.155052
best 212 time 326.846826
best 210 time 334.081255
best 208 time 341.258780
best 207 time 348.143904
best 203 time 355.386400
best 197 time 369.834586
best 196 time 391.296215
best 195 time 405.709618
best 194 time 412.604299
best 192 time 434.273124
best 191 time 441.556985
best 189 time 463.338836
best 188 time 470.595556
best 186 time 477.845866
best 185 time 485.081025
best 184 time 499.208645
best 182 time 506.474550
begin solution 12
feasible: evaluation function = 182
40 34 39 41 21 10 8 4 12 25 19 13 34 38 27 5 42 15 33 7 1 12 6 38 28 12 43 2 15 14 15 15 36 32 19 25 32 22 21 3 44 21 34 43 41 22 29 3 39 36 14 0 43 2 14 36 17 33 23 1 41 42 11 19 43 2 14 20 42 18 29 25 7 4 7 14 11 5 4 5 32 30 1 5 16 28 18 9 25 30 19 34 23 16 6 20 31 43 41 35 40 7 29 0 16 21 23 33 18 42 1 24 15 20 27 30 36 39 25 4 5 6 20 3 20 41 21 39 0 22 11 39 21 33 24 40 1 23 0 14 9 36 26 34 10 28 5 32 2 12 10 38 26 13 3 24 30 5 23 40 19 12 4 21 20 42 16 39 37 6 15 44 12 8 20 1 33 34 18 42 0 11 10 3 37 42 22 24 4 1 21 37 27 6 2 18 38 19 29 19 26 2 0 13 32 22 30 6 11 29 40 32 38 6 35 11 41 3 0 5 23 25 1 9 13 33 14 11 9 23 38 43 39 6 7 30 13 34 4 12 7 21 31 36 31 6 33 12 28 28 30 27 34 20 24 37 31 18 37 40 31 39 29 17 40 40 10 27 5 43 31 9 22 6 36 7 41 27 16 42 18 17 3 41 27 10 30 10 36 37 0 32 41 38 22 34 41 13 31 12 0 2 11 29 19 31 8 1 18 33 4 43 31 18 27 3 9 25 22 22 42 20 33 39 10 36 24 33 42 7 15 15 16 25 19 27 28 10 37 9 43 29 4 27 4 24 23 15 9 7 23 28 37 7 25 38 3 0 32 13 18 24 31 30 14 40 9 37 22 12 5 19 15 1 13 29 44 9 29 13 28 13 37 35 43 38 16 11 34 28 14 25 24 38 24 36 16 3 23 16 
4 6 5 8 6 2 1 5 1 4 2 4 4 5 9 3 8 1 9 8 8 7 7 6 7 5 7 4 3 6 6 4 1 4 6 2 0 0 9 4 4 0 0 4 4 3 6 8 6 3 5 8 3 1 0 8 1 2 3 9 7 4 8 0 0 0 3 4 7 8 4 9 9 8 1 2 6 7 4 1 2 2 4 4 1 6 7 8 7 0 1 2 9 2 1 2 5 5 0 0 1 4 5 9 6 8 2 3 5 1 3 5 8 0 3 4 7 3 3 7 0 2 6 2 9 6 2 4 7 4 0 0 1 4 4 5 0 8 4 4 1 4 0 1 1 5 6 9 6 0 8 7 2 6 7 1 1 9 5 3 9 3 2 4 7 5 7 9 3 3 5 1 8 0 5 7 6 3 3 0 5 1 9 5 2 2 7 2 6 1 3 6 6 8 3 4 9 5 7 8 1 7 6 9 3 5 5 9 2 8 7 1 4 6 1 3 2 9 1 8 7 5 6 4 0 1 8 9 7 0 1 9 1 4 2 6 2 9 0 9 5 5 1 2 4 5 8 2 9 1 9 1 5 1 0 5 0 2 4 9 2 2 3 3 0 2 0 8 2 8 6 3 8 0 6 0 1 7 5 3 9 0 1 9 4 3 3 4 9 8 0 7 5 3 9 7 3 5 3 6 3 2 4 1 4 7 2 2 1 5 9 6 9 0 5 6 6 6 6 2 6 3 0 7 5 5 8 7 9 7 9 0 0 0 3 0 3 6 0 9 1 2 3 2 1 9 6 2 0 6 4 4 7 3 1 0 0 2 6 7 6 7 8 7 7 6 5 1 1 4 5 7 7 5 1 9 0 2 0 3 2 8 9 3 2 2 8 5 8 0 1 8 3 8 6 0 4 3 1 3 
end solution 12
end try 12
begin try 13
best 522 time 10.623400
best 389 time 39.682735
best 332 time 66.849605
best 307 time 87.905140
best 270 time 130.241095
best 265 time 155.625969
best 246 time 210.820753
best 237 time 245.031204
best 234 time 252.199894
best 230 time 258.640360
best 228 time 272.744121
best 219 time 293.416849
best 208 time 300.196632
best 203 time 307.431335
best 196 time 314.307225
best 195 time 321.170748
best 188 time 328.021244
best 185 time 342.604686
best 183 time 349.947077
best 182 time 364.526108
best 181 time 371.852607
best 178 time 379.136452
best 176 time 386.491599
best 173 time 408.574305
best 171 time 423.324036
best 169 time 482.171313
begin solution 13
feasible: evaluation function = 169
29 23 16 42 28 5 1 19 9 41 31 28 13 0 0 9 14 15 13 42 13 0 37 23 29 43 32 11 21 5 25 4 11 15 38 32 16 37 36 16 26 32 9 7 37 20 30 33 31 4 25 10 2 19 27 28 6 44 7 33 4 14 0 21 42 10 14 18 38 18 22 3 43 37 27 14 20 13 40 1 15 32 25 9 35 43 39 16 9 7 33 36 16 34 34 28 28 13 37 34 17 12 6 33 3 9 6 25 21 29 31 12 5 38 5 28 22 39 24 19 8 11 32 29 25 1 15 2 32 15 3 34 20 25 10 43 20 36 5 4 14 27 12 33 2 20 29 20 34 4 39 11 4 9 2 41 22 29 7 28 9 24 39 39 28 25 33 15 31 43 1 24 3 10 22 29 37 15 36 25 38 11 2 3 1 40 38 13 4 32 12 1 2 15 18 39 14 6 43 42 30 6 43 18 33 33 4 1 27 32 39 23 43 11 13 40 30 42 14 36 11 31 23 23 19 8 27 12 36 22 44 0 12 38 33 11 7 12 36 31 41 27 40 2 7 4 40 0 42 30 24 43 7 14 30 23 1 32 31 35 21 6 24 26 35 9 18 34 6 41 40 6 24 5 4 16 39 34 24 40 30 28 27 40 21 1 24 31 39 12 10 3 31 43 3 16 40 22 15 41 20 22 37 7 18 30 30 3 30 21 16 27 0 36 20 26 10 0 21 10 36 13 29 10 30 21 2 3 31 12 10 25 2 24 21 0 42 19 33 28 20 35 18 41 13 39 42 38 21 42 41 20 27 0 41 17 27 5 5 18 22 3 12 19 7 19 29 42 1 36 9 34 25 18 16 14 24 38 23 18 7 11 22 5 40 37 34 19 32 41 19 10 16 29 6 34 6 23 22 37 
4 9 5 2 6 0 4 5 4 1 2 1 1 5 4 3 5 1 6 6 5 7 7 6 7 5 4 4 3 9 6 1 0 6 6 0 1 9 9 4 1 1 0 6 4 7 9 5 0 3 5 8 3 4 9 8 1 0 3 6 7 4 8 1 0 0 3 9 7 8 4 9 6 5 1 2 6 7 4 3 2 2 4 1 1 2 5 8 7 0 1 2 6 9 1 2 9 8 0 6 1 6 5 9 0 8 9 8 4 1 7 2 5 1 3 4 3 7 4 3 0 2 6 2 9 6 0 4 7 4 1 0 2 1 4 8 0 5 1 4 0 4 0 4 1 5 9 9 2 0 8 7 2 6 7 3 1 6 5 3 9 7 2 4 7 3 7 7 3 3 8 1 7 9 8 3 1 8 7 0 5 1 6 8 2 2 3 2 6 3 3 9 9 5 1 0 9 8 7 8 1 4 9 6 3 8 5 5 2 5 3 1 4 9 4 8 5 9 1 8 3 8 0 4 0 1 8 9 3 0 1 0 1 4 2 6 9 4 0 9 5 5 1 2 4 8 5 2 4 3 9 1 8 6 0 5 0 9 4 4 2 0 3 3 0 2 0 8 2 8 6 3 5 4 9 0 1 7 8 3 6 0 3 9 9 7 6 1 6 5 1 3 5 0 6 7 7 5 3 6 3 2 6 1 4 7 2 2 4 8 9 6 9 4 8 0 3 6 6 2 6 3 0 7 8 5 5 5 6 7 6 2 0 0 7 1 7 6 0 5 1 2 3 2 0 9 3 0 0 5 9 4 7 3 4 0 0 2 6 7 6 4 8 7 7 9 5 1 1 1 5 4 7 5 2 8 2 2 2 2 2 5 9 7 0 2 5 2 8 0 1 5 3 8 6 3 7 3 7 3 
end solution 13
end try 13
begin try 14
best 487 time 11.029295
best 360 time 44.556360
best 302 time 76.364675
best 277 time 108.199682
best 261 time 135.811603
best 253 time 167.853834
best 243 time 201.957660
best 238 time 231.853909
best 233 time 307.044141
best 229 time 320.219300
best 224 time 334.754104
best 216 time 349.386585
best 213 time 364.106321
best 204 time 371.366697
best 203 time 378.668818
best 201 time 393.323937
best 196 time 400.642488
best 195 time 408.014486
best 193 time 415.278099
best 187 time 422.672287
best 184 time 429.939826
best 183 time 437.199199
best 182 time 444.586508
best 179 time 451.914593
best 178 time 466.525993
best 177 time 481.175120
best 176 time 495.792628
begin solution 14
feasible: evaluation function = 176
4 24 14 33 0 41 3 31 27 13 0 34 37 22 23 25 2 40 1 39 13 13 15 37 23 24 22 39 4 28 3 32 21 42 18 29 13 19 29 6 35 2 25 21 43 30 28 32 27 41 19 2 0 43 6 13 12 8 3 7 0 7 10 38 28 42 21 5 33 5 39 40 25 20 23 20 23 42 41 18 33 7 1 16 9 11 43 27 2 27 21 12 30 34 32 25 34 20 31 5 29 23 18 10 13 5 3 42 32 13 18 3 14 19 10 20 20 7 10 29 4 9 38 24 18 11 42 19 32 22 30 3 4 13 37 11 33 20 9 44 29 27 17 42 16 30 26 19 11 21 27 4 35 16 20 30 26 15 2 1 41 5 9 11 16 18 9 28 0 24 9 22 41 16 33 11 25 14 3 10 10 38 41 1 39 32 25 31 30 3 22 33 14 1 6 37 7 36 40 14 43 5 40 38 36 28 9 30 10 37 37 1 0 32 29 22 4 39 34 16 33 24 28 24 41 31 34 25 36 30 36 29 14 12 13 26 9 34 15 10 12 40 33 37 5 36 28 27 15 27 22 44 15 21 40 36 11 32 20 39 0 4 12 8 39 1 28 18 40 43 18 32 0 1 21 5 15 11 11 31 3 14 38 31 16 23 12 30 24 7 1 43 33 25 20 7 31 34 9 31 44 11 10 15 38 12 38 42 40 33 28 31 0 18 39 22 19 6 23 15 2 42 6 1 43 25 41 38 9 29 27 24 37 36 21 24 39 7 43 15 2 44 16 22 4 14 12 18 19 7 12 14 37 23 41 7 34 2 20 34 43 38 0 27 2 36 25 42 10 5 16 39 22 19 30 29 34 16 32 19 5 36 19 44 6 12 3 37 2 43 6 38 28 4 4 14 40 24 36 15 
4 9 5 9 6 2 4 5 1 4 2 4 1 5 0 1 8 1 9 5 8 3 7 6 7 5 4 1 3 9 9 4 2 9 6 2 0 9 6 4 1 0 0 6 9 7 2 5 9 3 8 5 3 4 6 5 1 0 3 6 7 1 5 0 1 0 3 9 7 5 4 9 4 5 1 2 9 7 1 3 2 2 4 1 1 1 7 8 3 0 1 0 6 9 1 2 8 8 0 6 1 6 2 2 9 8 2 5 8 1 7 5 7 2 3 4 7 3 7 7 9 0 6 2 9 9 2 4 7 6 1 0 2 6 4 8 0 6 4 4 0 4 0 4 4 5 0 6 6 0 5 7 0 6 3 3 1 9 9 3 6 3 2 4 7 5 7 7 1 3 8 1 7 9 5 3 6 8 7 0 8 1 9 5 2 0 7 2 9 1 3 6 9 8 3 9 9 2 7 2 1 7 6 9 3 5 5 8 6 8 3 1 4 6 4 8 5 6 1 5 3 8 6 4 0 1 5 9 7 0 1 9 1 4 2 4 9 6 0 4 8 5 1 2 4 5 8 2 6 3 0 1 8 9 0 8 0 9 1 9 0 1 3 1 0 2 0 8 2 5 0 3 8 6 4 0 4 7 5 3 6 0 3 4 0 4 5 4 6 5 0 3 8 3 0 7 7 3 3 9 3 2 9 1 4 7 2 6 4 4 4 6 9 4 8 9 7 9 2 2 6 3 0 7 8 5 5 5 6 3 6 0 0 0 7 1 7 4 0 5 4 0 3 2 0 6 9 1 0 8 6 4 7 3 4 0 0 1 9 7 6 7 5 7 7 9 8 1 1 1 8 3 7 5 2 5 2 2 2 3 2 6 1 7 2 2 8 5 2 2 1 8 3 8 6 3 3 7 4 3 
end solution 14
end try 14
begin try 15
best 471 time 13.705989
best 339 time 44.853076
best 283 time 76.233458
best 277 time 103.747172
best 250 time 135.545338
best 233 time 167.633359
best 212 time 191.034611
best 211 time 293.153732
best 206 time 307.633456
best 195 time 314.918662
best 194 time 329.488898
best 189 time 336.771006
best 187 time 351.427100
best 186 time 358.760904
best 183 time 366.201804
best 180 time 395.649131
best 177 time 402.982560
best 176 time 410.370820
best 175 time 432.575133
begin solution 15
feasible: evaluation function = 175
0 23 43 5 37 3 17 21 10 41 22 34 11 36 30 28 32 7 16 32 37 33 37 44 36 20 10 12 9 18 36 42 19 0 9 21 0 38 32 43 7 33 37 7 40 2 5 34 15 43 40 0 17 35 4 33 9 35 22 18 11 39 27 6 27 8 39 1 40 39 14 42 4 10 40 13 10 16 23 14 0 10 40 1 34 42 4 27 38 14 22 6 9 33 3 43 5 10 29 22 18 40 34 24 31 1 6 31 13 42 5 19 24 7 24 38 14 29 42 7 44 9 13 4 12 2 41 37 24 30 11 2 16 24 3 15 25 20 24 44 1 13 18 4 32 28 19 19 15 34 14 19 36 11 41 13 4 14 7 20 2 0 15 35 42 6 34 41 30 18 21 10 2 15 12 15 41 30 42 23 43 41 11 23 39 3 27 38 3 14 32 3 31 20 4 22 41 34 4 19 19 39 39 29 3 33 34 25 11 42 21 0 28 32 20 30 21 31 32 13 12 24 42 25 29 39 4 11 20 38 5 36 43 9 30 13 28 13 12 24 15 9 15 20 27 25 21 12 27 34 10 21 11 24 2 1 15 23 31 18 16 5 12 15 30 40 22 6 33 16 25 27 13 25 42 24 26 21 14 7 6 33 36 33 32 25 2 22 6 4 31 28 18 43 12 23 5 0 31 39 2 2 29 38 33 31 13 1 36 39 0 30 1 28 7 10 27 9 6 12 5 1 40 17 37 6 18 1 16 25 16 30 19 20 21 32 5 14 23 3 28 35 33 36 17 21 28 1 37 16 20 25 29 40 16 43 7 28 2 0 37 37 28 43 32 39 23 18 29 36 43 9 20 11 31 40 34 29 27 19 37 29 38 18 25 14 9 19 7 41 27 10 6 22 5 16 38 3 38 23 
4 6 5 5 6 2 4 6 4 4 2 4 1 5 9 3 5 1 9 8 8 7 7 0 7 8 3 4 3 4 9 4 2 6 9 2 0 6 2 4 4 1 0 6 9 7 0 5 9 3 5 5 1 1 9 8 1 2 3 6 3 4 5 0 0 0 3 6 7 8 4 9 6 5 1 0 0 7 4 3 2 2 4 1 1 2 5 8 5 0 1 2 6 6 1 6 8 8 0 6 2 6 6 2 6 8 1 5 5 1 7 5 8 2 3 4 7 7 3 7 4 2 9 0 6 9 2 4 7 4 0 1 2 6 4 8 0 5 4 1 0 1 0 4 4 5 9 4 6 0 8 7 2 4 7 3 1 6 5 1 4 3 2 4 8 7 7 3 3 3 8 1 5 4 5 7 9 7 7 1 8 1 6 5 2 0 7 2 9 1 3 6 9 6 3 9 6 8 7 8 1 7 6 6 3 5 9 8 2 5 3 1 4 6 4 5 5 4 1 8 7 5 0 1 3 1 8 9 7 0 1 6 1 4 1 6 0 4 1 1 5 8 1 2 4 5 9 0 9 3 9 1 7 9 0 5 0 2 1 9 0 2 3 3 0 2 0 8 2 8 9 1 7 6 6 0 1 7 5 3 9 0 3 9 9 3 8 4 4 2 0 7 8 0 9 7 4 8 3 9 3 2 9 1 4 7 2 4 1 5 9 6 9 6 8 6 6 0 6 2 9 3 0 3 5 5 5 7 4 7 6 2 0 0 4 0 3 9 0 5 1 0 3 0 0 0 9 2 1 5 9 4 4 3 1 2 0 2 6 7 9 3 8 7 7 0 8 1 1 4 9 7 3 5 2 8 2 2 2 3 2 5 9 7 2 2 5 6 9 0 3 7 3 5 6 3 3 7 7 3 
end solution 15
end try 15
begin try 16
best 488 time 12.557955
best 352 time 46.315919
best 279 time 80.388838
best 266 time 106.080376
best 235 time 140.300658
best 222 time 174.594421
best 212 time 271.101079
best 210 time 313.117642
best 208 time 327.265537
best 207 time 341.832539
best 205 time 349.175322
best 204 time 371.133405
best 201 time 378.473525
best 196 time 385.766144
best 193 time 400.440149
best 192 time 444.539127
begin solution 16
feasible: evaluation function = 192
0 38 13 5 36 10 16 29 24 1 22 4 0 27 43 34 2 34 7 25 21 40 9 13 41 38 16 24 10 41 19 44 4 34 39 39 13 27 20 40 5 22 38 11 18 23 0 7 37 37 10 28 24 22 10 24 2 3 40 6 0 20 43 10 12 9 42 1 33 32 7 5 5 31 41 19 19 13 34 7 36 41 6 21 29 33 9 22 42 15 31 11 43 28 4 33 3 37 30 25 42 30 27 0 41 1 15 33 16 25 33 1 42 2 36 19 29 28 9 2 30 40 40 24 28 22 21 12 18 28 23 26 38 24 41 1 29 31 37 7 31 15 16 43 18 34 31 20 26 28 15 30 37 18 32 21 22 32 14 31 40 1 0 35 41 12 4 4 39 26 39 35 13 41 6 6 37 34 32 10 36 33 23 7 21 20 20 25 24 3 36 4 14 32 32 10 23 6 25 32 9 42 32 13 16 30 40 33 27 16 11 43 38 30 11 27 28 29 13 40 1 37 27 10 0 38 20 21 31 27 42 29 14 3 29 25 6 11 28 40 2 22 16 6 8 38 37 14 42 27 16 5 5 22 1 12 33 38 39 12 18 17 41 17 7 11 20 4 7 18 33 20 23 9 1 37 15 19 41 25 9 30 10 31 14 18 19 44 15 36 25 13 43 30 16 43 2 6 4 3 26 36 34 21 39 22 42 18 9 36 6 3 20 12 39 25 31 36 43 15 24 12 4 7 9 24 23 36 2 32 39 19 14 23 19 43 12 5 39 25 14 12 28 1 2 3 21 27 32 28 2 40 33 29 42 30 11 5 6 39 34 38 20 15 3 13 7 12 19 29 0 23 11 4 23 34 8 13 27 22 16 21 31 15 0 18 18 29 34 9 14 10 43 30 2 3 21 37 23 5 
4 6 5 5 4 2 4 8 4 1 2 4 1 8 2 3 5 1 6 5 5 7 7 6 7 5 7 1 3 0 6 4 2 6 9 2 0 6 6 4 4 0 0 6 9 7 6 8 4 3 5 8 3 4 9 5 1 2 3 0 7 4 5 0 0 0 3 4 4 2 4 9 0 8 1 2 9 7 4 3 0 2 4 4 1 9 5 5 5 0 1 2 6 2 1 2 5 8 1 4 0 6 5 9 6 9 6 8 8 1 7 5 8 2 1 4 7 7 3 3 9 2 0 2 9 6 2 4 3 4 1 0 2 6 4 8 0 5 1 1 0 1 0 4 4 2 6 1 2 0 5 7 2 1 4 3 1 9 5 3 6 7 0 4 8 5 7 9 3 1 5 1 8 9 5 3 6 5 7 1 9 1 6 9 0 2 7 2 7 3 3 6 9 5 1 6 9 8 7 8 1 7 6 4 3 5 5 5 4 5 3 1 4 4 4 7 6 6 1 8 3 9 9 4 3 1 5 6 7 0 1 9 1 4 2 6 1 9 1 9 8 8 1 2 1 3 5 2 6 3 6 1 7 9 0 8 0 9 1 9 2 0 3 1 0 0 0 8 2 8 6 3 5 6 6 0 4 3 5 3 9 0 7 4 6 7 5 1 9 5 0 3 8 3 9 7 7 7 3 6 3 2 9 1 4 7 2 6 4 8 6 1 9 6 8 9 9 6 9 2 0 3 0 7 8 8 8 7 4 3 6 0 0 0 7 0 7 6 0 8 4 2 3 2 0 9 9 1 0 5 9 1 3 3 4 2 1 2 9 7 0 7 8 7 7 9 5 1 1 4 5 3 7 5 2 8 0 2 2 3 2 8 2 3 2 0 5 5 7 2 3 8 3 8 6 0 7 7 4 3 
end solution 16
end try 16
begin try 17
best 477 time 13.037751
best 344 time 44.431483
best 299 time 76.185565
best 262 time 106.126287
best 252 time 140.521283
best 238 time 198.494221
best 233 time 264.469612
best 227 time 285.290122
best 223 time 306.262231
best 219 time 313.516314
best 216 time 320.796321
best 209 time 342.687592
best 208 time 364.724733
best 206 time 372.054054
best 203 time 379.437193
best 200 time 386.746203
best 199 time 394.123545
best 196 time 401.445985
best 195 time 408.828619
best 194 time 416.243541
best 191 time 423.597657
best 190 time 445.258476
best 189 time 452.641560
best 188 time 460.041855
begin solution 17
feasible: evaluation function = 188
19 2 0 12 24 33 35 34 16 29 11 24 34 20 37 7 23 10 32 37 22 1 41 21 23 40 20 12 32 13 9 39 25 30 37 0 12 22 5 11 0 10 25 13 23 37 7 28 31 10 9 23 39 17 0 7 36 44 43 38 26 20 24 34 16 28 14 19 39 1 9 43 14 30 6 33 20 31 40 41 14 37 41 15 34 0 31 19 40 24 43 1 15 42 27 7 7 22 2 16 38 5 20 24 3 5 28 43 18 5 38 25 10 23 14 13 27 32 24 34 29 5 26 22 41 21 40 30 18 20 1 26 32 14 24 30 41 19 18 44 21 27 32 37 28 3 15 32 15 2 34 27 9 4 21 34 15 27 24 24 34 10 30 11 41 25 31 2 12 19 37 20 29 38 42 7 31 42 37 21 36 7 39 15 31 18 25 2 14 5 18 12 33 42 6 1 21 16 15 4 25 28 10 4 13 3 3 19 34 11 29 30 5 1 38 18 43 33 28 40 30 10 22 3 1 17 32 25 12 31 8 14 4 36 11 29 5 0 29 10 9 2 42 4 4 36 14 41 19 31 13 35 12 15 22 5 30 40 12 43 23 39 39 33 40 27 6 12 21 33 36 36 2 41 13 0 13 29 39 16 17 9 33 14 6 22 38 22 10 12 7 40 23 16 18 13 16 40 15 6 38 40 3 1 6 43 29 42 22 27 30 16 11 39 27 33 1 34 10 18 7 11 42 42 31 16 41 29 7 11 38 43 32 27 43 39 9 41 23 33 32 9 30 20 29 18 25 37 3 21 42 3 2 4 2 24 20 28 43 0 11 20 36 23 5 28 39 19 38 25 15 37 6 4 6 14 36 8 18 0 4 0 9 26 19 36 28 21 2 31 28 16 22 27 42 25 33 36 9 3 
4 9 5 2 6 0 4 5 4 4 0 4 4 8 9 3 6 1 9 5 5 4 7 4 3 8 7 1 3 0 6 4 2 9 6 2 0 6 9 4 4 0 0 2 4 7 2 8 9 3 5 5 3 4 0 5 1 0 3 2 3 4 5 0 1 0 3 9 7 5 4 0 0 5 1 2 6 7 4 3 2 0 4 4 1 9 5 5 5 0 1 2 9 2 1 6 8 8 1 6 0 6 5 9 9 8 6 8 5 1 7 8 8 0 1 4 3 7 7 7 9 2 4 2 9 6 0 4 7 9 0 0 2 6 1 8 0 8 4 1 1 4 0 4 4 5 6 6 2 0 8 7 0 9 3 3 1 6 8 3 9 7 2 1 5 5 4 3 3 3 8 1 5 9 5 7 6 7 1 0 5 1 6 8 1 2 7 2 7 3 3 6 6 8 3 9 9 5 7 8 1 7 6 6 3 8 2 0 2 5 3 1 4 6 4 8 5 4 1 3 7 5 9 4 3 1 5 6 7 0 1 9 1 4 2 6 0 6 1 9 8 6 1 2 4 9 8 2 6 3 9 1 9 0 0 5 0 9 4 9 2 2 1 1 1 2 0 8 2 8 6 3 5 6 6 1 1 7 8 3 0 1 7 4 6 7 5 1 4 5 0 7 8 0 9 7 7 6 3 9 3 2 6 1 4 7 2 6 4 5 6 9 9 9 8 9 7 6 2 0 4 3 0 3 8 2 8 8 9 7 6 2 1 0 4 0 3 1 1 5 4 2 3 2 0 6 9 2 0 5 4 1 7 3 4 2 0 2 6 7 6 3 8 7 7 9 5 1 1 4 5 3 7 5 2 5 0 0 1 3 0 8 9 1 2 2 5 8 8 2 3 8 3 9 9 3 3 7 7 3 
end solution 17
end try 17
begin try 18
best 499 time 12.883262
best 339 time 46.413392
best 301 time 69.971320
best 282 time 101.617756
best 273 time 133.279079
best 258 time 194.910382
best 239 time 226.790635
best 237 time 295.218374
best 234 time 315.355546
best 230 time 336.837691
best 227 time 344.087256
best 221 time 351.359116
best 217 time 358.663611
best 212 time 373.135977
best 204 time 387.692530
best 201 time 402.250524
best 199 time 409.550064
best 195 time 424.164720
best 194 time 431.501742
best 192 time 438.808852
best 186 time 446.147009
best 185 time 453.521753
best 182 time 460.812695
best 178 time 468.168881
best 177 time 490.245985
best 175 time 497.519581
best 174 time 504.845630
begin solution 18
feasible: evaluation function = 174
38 39 3 31 39 36 41 16 16 34 20 6 12 42 21 18 9 19 30 9 29 13 41 34 0 4 33 42 31 40 18 26 28 16 12 43 38 6 30 3 19 2 43 15 21 16 1 3 25 33 4 12 20 44 32 37 35 40 37 28 21 31 10 31 19 3 39 11 28 11 27 5 15 33 33 6 32 22 33 12 18 31 41 17 5 10 0 38 41 16 7 39 38 1 15 43 9 16 7 11 32 36 19 14 27 11 33 28 34 38 32 36 19 23 24 18 16 18 43 28 17 10 14 33 40 3 18 9 32 2 0 27 25 6 13 36 0 15 4 20 1 22 22 29 37 20 31 18 14 40 25 31 6 21 39 44 14 24 40 4 25 6 7 8 0 10 1 9 34 7 37 24 2 13 38 37 4 6 2 29 43 4 23 5 8 25 28 16 2 30 2 24 24 37 14 0 4 2 15 7 1 27 3 2 25 39 22 23 5 22 25 34 30 7 11 34 31 7 11 18 4 36 5 26 36 6 1 29 13 5 21 39 12 30 12 20 37 29 14 42 13 4 31 21 9 39 25 13 32 1 12 23 6 15 15 38 9 23 24 22 34 2 21 41 10 40 23 30 27 7 9 26 34 14 36 12 42 30 21 23 0 20 6 16 37 24 11 25 42 11 13 20 23 42 13 40 0 7 9 23 8 9 10 27 43 29 30 5 0 24 19 34 41 41 23 33 18 1 42 32 22 3 41 22 15 28 21 15 27 12 29 42 39 32 43 21 22 28 44 1 40 20 16 11 8 43 40 29 34 31 22 37 19 36 3 19 13 33 30 7 20 14 18 42 38 2 19 36 25 10 13 10 36 15 0 20 41 28 38 19 4 30 24 28 10 37 27 33 27 1 44 32 39 3 43 10 29 27 5 5 
4 4 5 8 6 2 4 5 4 4 1 4 4 5 9 1 8 1 9 5 5 7 7 9 7 8 7 1 3 6 6 4 0 6 9 2 0 9 2 1 4 0 0 2 4 7 9 8 9 3 5 5 3 4 4 8 1 2 3 9 7 4 5 0 0 0 1 9 1 0 4 6 4 5 1 2 9 7 4 3 2 2 1 1 1 6 5 8 5 0 1 2 9 4 1 4 9 8 0 6 2 6 8 2 9 8 6 5 8 1 3 5 5 2 3 4 1 3 7 4 0 2 4 0 9 9 0 1 7 6 1 0 0 6 4 8 0 6 4 4 0 1 0 1 4 8 6 9 9 1 5 7 0 6 7 1 1 0 5 3 6 7 2 1 8 8 7 7 3 3 2 1 8 9 5 7 6 8 7 0 5 1 6 5 2 2 7 2 3 3 1 6 9 5 3 9 9 5 3 5 1 3 6 9 3 5 8 8 4 5 7 1 1 6 4 5 5 9 1 5 7 4 9 1 0 1 8 9 3 0 1 9 1 4 2 9 6 4 0 9 5 2 1 2 4 8 8 2 6 3 6 1 5 9 0 6 0 4 4 2 2 2 3 3 0 0 0 8 2 8 6 3 7 6 9 0 4 7 8 3 6 0 3 9 9 7 3 4 6 5 0 7 5 3 6 7 3 4 3 9 3 2 9 1 1 3 0 2 4 5 6 6 9 6 7 9 7 6 2 0 9 3 0 4 8 8 5 7 6 7 6 0 0 1 3 0 3 6 0 5 4 2 3 2 0 9 3 2 0 9 6 1 7 3 4 2 1 2 6 7 6 7 8 7 3 4 9 1 1 4 8 7 7 5 2 5 2 2 2 3 0 5 2 3 1 0 5 8 8 2 3 5 3 2 6 3 7 7 7 3 
end solution 18
end try 18
begin try 19
best 1000831 time 7.926483
best 455 time 23.988161
best 339 time 47.385634
best 304 time 70.470109
best 290 time 122.970371
best 279 time 144.358976
best 257 time 187.267044
best 252 time 231.120386
best 244 time 237.888357
best 239 time 245.007817
best 229 time 252.230773
best 221 time 259.402208
best 217 time 280.636785
best 213 time 287.870766
best 207 time 302.014016
best 206 time 309.296505
best 205 time 322.997266
best 201 time 329.913303
best 195 time 336.840828
best 193 time 343.343092
best 191 time 357.964732
best 188 time 364.392528
best 185 time 371.679025
best 182 time 379.000491
best 181 time 386.274803
best 178 time 393.504303
best 177 time 408.262473
best 175 time 422.708355
best 174 time 429.945482
best 173 time 437.189532
begin solution 19
feasible: evaluation function = 173
43 24 23 34 39 6 44 20 32 10 38 1 5 43 20 21 36 22 13 31 16 0 6 15 22 10 20 13 1 27 36 35 9 4 41 1 37 23 33 30 8 0 18 38 34 43 27 41 1 39 38 4 2 37 1 7 26 16 36 31 4 14 36 20 40 27 20 43 41 23 18 4 31 11 40 11 20 29 4 31 9 6 24 42 29 21 14 37 10 22 33 21 43 42 41 39 0 39 33 28 18 36 33 41 27 19 10 19 18 32 42 2 34 34 29 1 16 3 27 5 40 11 33 2 19 13 15 39 41 33 27 25 3 19 33 8 36 16 29 40 16 9 8 43 28 19 29 9 41 9 19 7 36 11 15 12 38 23 28 23 39 12 4 44 13 9 15 32 21 0 31 12 15 32 43 19 38 6 33 28 22 11 28 21 15 31 20 25 43 3 25 15 0 38 13 22 20 15 23 7 19 7 27 15 32 41 16 28 9 32 22 5 0 38 21 27 27 7 36 9 9 1 5 4 16 6 40 6 16 43 20 0 30 31 31 34 10 6 44 30 34 40 23 23 36 38 12 28 29 17 5 39 25 12 42 24 31 1 13 2 10 10 27 10 14 24 2 18 16 37 6 40 30 42 21 21 3 24 18 2 14 17 2 34 30 2 32 11 22 25 39 5 30 15 30 39 23 11 37 25 28 42 37 7 22 40 19 40 14 24 25 12 32 18 18 37 16 28 3 29 32 14 19 35 14 21 25 32 29 30 10 7 3 12 24 34 33 25 13 33 0 43 42 37 5 2 34 7 4 13 41 3 21 6 12 13 42 25 24 28 3 38 0 36 9 14 22 24 18 8 7 1 7 42 40 5 12 23 37 26 22 10 11 41 30 0 14 42 11 14 30 1 34 3 38 24 4 37 11 18 
1 9 5 1 6 0 4 5 4 4 2 4 4 8 2 3 5 1 9 5 8 7 7 6 7 5 4 4 3 9 9 1 1 6 6 2 0 9 2 4 1 0 0 4 4 7 2 5 6 3 5 5 3 4 9 5 1 0 3 9 7 4 8 0 0 1 3 6 7 8 4 9 6 5 1 2 9 7 4 3 2 2 4 4 1 6 7 8 7 0 1 2 9 6 1 2 8 5 0 9 2 6 5 9 6 5 9 3 5 1 7 5 5 2 3 1 4 7 7 7 6 0 6 2 9 6 0 4 4 9 0 0 2 6 4 2 0 5 4 4 1 4 0 4 1 4 6 9 2 0 8 7 2 6 7 3 1 6 5 3 9 7 2 1 7 8 3 7 1 3 8 1 8 9 5 7 0 5 7 0 8 1 6 5 2 2 7 1 3 3 3 4 9 8 3 6 6 5 7 8 1 3 4 9 3 8 6 8 6 8 3 1 4 9 4 8 5 9 1 5 3 5 6 1 3 1 5 9 7 0 1 6 1 4 1 9 1 4 0 9 8 8 1 2 4 3 5 2 0 1 9 1 7 9 1 5 0 0 1 6 2 0 3 3 0 2 0 8 2 5 6 3 5 9 9 0 4 3 6 1 9 0 7 6 0 4 5 4 9 8 0 3 8 1 6 7 4 3 3 9 3 2 6 1 4 7 2 9 1 8 4 6 6 9 7 9 9 4 6 2 0 3 0 3 8 8 5 2 9 7 6 0 0 0 7 0 3 6 0 8 1 2 3 1 0 9 7 2 0 5 0 1 7 3 4 2 0 2 6 7 9 7 5 7 7 6 5 1 1 4 6 7 4 5 2 2 2 0 2 0 2 8 9 3 2 2 5 8 8 2 3 8 3 5 6 0 3 7 7 3 
end solution 19
end try 19
begin try 20
best 475 time 12.594426
best 351 time 46.094288
best 305 time 69.397251
best 285 time 103.233731
best 258 time 137.142436
best 250 time 171.274110
best 245 time 201.237581
best 240 time 233.175899
best 224 time 263.111411
best 222 time 312.941717
best 218 time 334.801947
best 215 time 363.926820
best 214 time 378.536497
best 210 time 385.845222
best 202 time 393.125081
best 201 time 400.430422
best 199 time 415.077060
best 194 time 429.754777
best 192 time 451.579116
best 187 time 458.871954
best 186 time 466.221196
best 184 time 473.553038
best 183 time 480.883150
best 182 time 495.594827
begin solution 20
feasible: evaluation function = 182
6 6 29 21 33 18 44 5 19 22 34 20 16 9 43 39 27 1 28 4 22 28 27 17 29 3 18 31 20 2 7 32 5 13 7 32 13 1 15 24 26 15 5 43 21 30 36 13 31 14 31 32 4 3 29 23 26 8 23 33 31 25 21 23 36 18 43 9 34 1 0 13 37 3 28 33 10 21 10 33 3 42 11 5 12 14 38 4 1 23 6 2 36 7 21 40 42 32 31 10 2 32 31 20 23 14 23 15 27 22 18 25 39 5 2 42 32 24 20 9 40 10 4 22 11 8 16 42 40 39 31 19 29 24 39 21 16 32 41 33 9 24 22 18 2 40 20 4 26 7 38 19 0 40 29 31 36 19 24 1 38 39 25 8 16 28 25 5 30 25 2 38 10 29 43 24 40 15 20 41 41 10 34 20 17 37 35 1 11 10 2 0 12 43 29 38 24 12 15 19 11 7 22 11 37 24 36 33 42 18 2 13 9 3 3 40 19 41 43 25 42 25 16 4 13 7 9 2 3 15 37 18 29 30 30 44 14 4 21 37 28 39 19 1 40 7 34 33 42 40 27 33 37 11 9 16 30 34 27 24 36 39 34 16 32 6 39 9 13 6 3 19 30 6 19 28 43 43 29 41 0 14 41 15 12 5 6 13 31 30 25 16 43 0 14 6 36 10 36 14 3 30 1 25 4 11 32 18 17 36 30 28 16 20 5 37 22 37 15 38 21 21 6 17 11 25 34 37 36 1 30 10 27 3 10 43 37 23 34 28 1 23 32 42 41 27 0 7 20 27 28 38 22 34 40 24 12 21 5 33 12 22 15 27 7 35 41 27 18 0 33 23 9 42 4 0 44 12 16 29 41 7 34 6 38 19 39 9 18 11 28 42 39 0 0 15 14 13 12 5 
4 6 5 8 6 2 1 5 4 4 2 4 4 5 2 3 8 1 4 5 5 7 3 0 7 5 3 4 1 6 4 4 2 9 6 0 0 9 4 4 4 1 1 9 4 7 9 5 9 3 5 9 3 4 9 5 1 2 3 9 7 4 5 0 0 0 3 9 7 5 4 6 6 8 1 2 9 7 4 3 2 2 4 4 1 2 3 8 8 1 1 2 6 9 1 2 8 8 1 6 0 6 2 2 4 5 9 8 2 1 7 5 8 0 1 4 7 7 3 3 9 2 0 2 6 0 2 1 7 6 0 0 2 6 4 9 1 5 4 4 1 1 0 4 4 8 9 9 0 0 5 7 2 0 4 3 1 9 8 3 6 7 2 1 8 2 7 9 3 3 5 1 8 6 6 3 6 5 7 1 5 1 6 5 2 2 1 0 3 3 3 9 4 5 3 9 9 5 7 5 1 3 6 0 3 5 8 8 6 5 7 1 4 6 1 5 8 6 1 9 3 6 6 1 3 1 8 9 7 0 1 9 1 4 1 0 1 6 0 9 8 9 1 2 1 8 8 0 9 3 9 1 8 9 0 5 0 4 4 0 2 2 3 3 1 2 0 2 2 8 9 3 8 9 6 0 4 7 8 3 0 0 7 9 9 7 5 4 6 5 0 7 8 3 4 7 7 5 3 6 3 2 6 1 4 7 2 6 1 5 9 6 9 6 8 0 9 4 6 0 6 3 0 3 5 8 5 5 4 7 6 0 0 0 7 0 7 6 0 5 4 2 3 0 0 6 7 2 0 5 9 4 3 1 4 2 0 2 6 7 6 7 2 7 7 0 8 1 1 1 5 7 7 5 2 5 2 2 0 0 2 5 9 3 2 2 5 6 8 2 3 7 1 8 6 3 7 7 3 3 
end solution 20
end try 20
