begin try 1
best 473 time 10.718750
best 348 time 35.328125
best 298 time 58.453125
best 268 time 81.546875
best 258 time 104.796875
best 240 time 124.906250
best 222 time 142.250000
best 219 time 211.187500
best 214 time 220.984375
best 209 time 226.281250
best 202 time 241.921875
best 199 time 247.203125
best 198 time 252.500000
best 193 time 257.796875
best 191 time 273.765625
best 189 time 279.031250
best 188 time 284.406250
best 185 time 295.078125
best 182 time 300.421875
best 178 time 305.703125
best 175 time 316.453125
best 171 time 332.500000
best 168 time 337.843750
best 167 time 343.250000
best 165 time 348.718750
best 163 time 354.109375
best 158 time 359.531250
best 157 time 375.765625
best 155 time 381.218750
best 154 time 392.046875
begin solution 1
feasible: evaluation function = 154
20 4 42 40 11 42 44 16 13 39 32 29 19 31 2 11 19 13 19 43 9 7 38 5 34 0 18 27 33 42 16 37 36 5 2 18 10 34 9 21 30 3 25 7 28 43 23 34 39 42 5 7 37 19 33 28 5 26 32 38 19 4 15 12 30 9 30 22 40 42 12 3 23 24 20 0 31 42 33 7 12 44 7 36 0 29 41 15 0 22 4 10 37 25 40 7 3 13 37 10 4 30 11 14 43 39 5 43 2 23 40 37 30 3 34 34 36 12 1 3 41 20 20 39 32 26 12 3 33 11 14 18 13 41 16 28 41 12 24 37 32 1 15 9 43 10 8 12 42 43 1 2 34 13 20 0 25 41 32 6 0 1 19 5 34 15 43 39 26 18 20 31 21 38 36 21 24 5 25 29 19 21 32 21 24 21 4 7 40 38 4 34 40 20 16 6 28 21 29 40 41 22 18 21 14 18 41 25 24 13 13 33 0 14 24 33 4 42 30 22 5 37 1 14 21 32 33 38 14 34 36 18 38 27 9 22 6 32 4 6 27 23 42 13 11 14 30 31 19 39 37 18 23 1 20 2 33 12 15 27 22 39 27 17 42 6 0 0 16 31 25 15 16 23 28 36 7 40 27 31 6 8 19 30 31 6 39 43 13 22 28 16 39 21 16 32 30 36 15 44 10 34 33 22 2 31 14 29 10 30 1 20 7 25 25 38 12 15 10 27 40 41 11 22 41 14 27 38 16 25 36 15 5 1 20 28 13 43 9 37 25 28 23 40 19 38 5 3 39 38 4 31 17 9 14 24 2 11 18 37 10 27 6 15 2 22 11 29 16 2 9 9 3 24 11 36 1 43 23 29 33 0 2 10 29 23 18 31 9 41 36 7 6 10 3 28 24 27 28 24 
4 9 5 8 6 2 1 5 4 4 2 4 1 5 2 3 5 1 6 5 8 7 7 6 7 6 7 1 3 9 6 4 2 9 6 2 0 9 9 4 4 1 0 6 4 3 4 5 9 3 5 8 3 4 6 5 1 2 3 2 3 4 6 0 0 0 3 4 7 8 4 9 6 8 1 2 6 7 4 3 1 2 4 4 1 9 7 8 7 0 1 1 9 2 1 0 5 8 0 6 2 6 8 6 9 5 2 8 8 1 4 2 8 0 3 4 7 3 3 3 4 2 6 1 6 0 2 4 7 9 0 0 2 6 4 8 0 5 4 1 0 1 0 4 1 8 1 9 6 0 5 3 0 6 7 3 1 9 5 1 9 7 2 4 8 5 7 7 1 3 5 1 5 6 5 7 6 8 7 0 8 1 9 8 2 2 7 2 6 3 3 6 0 8 3 4 9 6 7 5 1 3 4 9 3 8 8 5 9 5 3 1 4 9 1 8 5 4 1 5 3 8 9 1 3 1 5 9 7 1 1 9 1 4 2 6 6 4 0 9 8 5 1 0 4 5 2 2 9 3 6 1 7 4 0 5 0 6 4 9 2 2 0 3 0 2 0 8 2 9 9 1 8 9 6 0 1 3 5 3 0 0 7 9 0 7 6 4 9 8 0 7 8 0 0 7 7 9 3 0 3 2 9 1 4 7 2 6 4 5 6 9 9 6 8 4 7 9 2 2 9 3 0 7 5 8 6 8 9 3 6 2 0 0 3 1 7 6 1 5 4 2 3 2 0 0 7 2 0 5 6 4 1 3 4 0 0 1 6 7 9 3 5 7 7 9 5 1 1 1 5 7 7 5 2 8 2 2 2 3 2 5 9 7 2 0 5 8 6 2 3 5 3 5 6 3 7 7 7 3 
end solution 1
end try 1
begin try 2
best 1000743 time 6.000000
best 435 time 14.796875
best 340 time 35.937500
best 303 time 50.078125
best 281 time 65.609375
best 249 time 112.250000
best 245 time 169.281250
best 232 time 174.500000
best 225 time 179.734375
best 221 time 190.218750
best 217 time 195.437500
best 213 time 206.015625
best 209 time 211.328125
best 206 time 216.640625
best 204 time 221.953125
best 198 time 227.312500
best 196 time 243.234375
best 193 time 253.859375
best 192 time 259.187500
best 182 time 264.500000
best 181 time 269.796875
best 180 time 275.171875
best 179 time 280.484375
best 178 time 285.796875
best 176 time 291.078125
best 175 time 296.390625
begin solution 2
feasible: evaluation function = 175
8 10 5 41 34 32 44 24 4 31 39 43 0 34 43 36 27 10 27 12 16 32 25 31 31 10 27 29 23 33 22 23 27 6 0 40 30 16 39 3 17 21 8 40 25 19 22 38 18 20 6 2 15 35 23 41 12 14 13 6 34 40 0 32 40 4 6 19 29 29 14 34 11 5 20 41 2 14 1 22 37 17 14 9 25 2 9 0 7 11 37 24 25 28 9 33 20 31 1 4 7 10 39 14 21 18 9 14 34 18 18 21 36 24 11 18 16 12 23 16 44 30 39 32 12 8 22 34 42 3 1 36 21 1 39 31 0 7 21 8 28 4 43 5 34 13 24 16 4 28 18 5 21 43 39 14 22 5 10 7 30 1 2 7 23 25 28 4 27 30 1 5 30 36 25 43 20 20 37 38 19 3 37 22 29 42 40 2 3 18 40 33 32 36 5 28 40 33 9 7 15 22 22 36 33 3 19 25 23 11 41 6 15 38 41 21 13 32 0 41 34 40 16 32 29 17 23 33 15 13 43 27 19 38 5 29 30 0 5 12 31 4 29 43 30 1 3 15 20 26 15 31 19 9 9 28 6 42 27 36 6 4 38 2 20 11 25 42 9 23 19 36 4 5 15 15 33 13 37 31 12 33 21 2 19 36 7 16 38 24 27 11 43 4 18 30 28 30 3 13 24 7 20 23 41 32 12 1 2 29 1 42 42 41 27 31 37 29 10 18 20 0 37 21 12 14 38 11 28 19 12 23 34 29 39 31 41 10 27 1 24 41 3 14 39 24 12 42 7 0 37 13 25 9 13 24 22 3 6 0 36 38 21 11 24 7 42 38 35 40 32 43 10 6 30 10 38 16 42 44 34 3 14 37 18 28 13 28 43 13 10 32 25 37 39 19 2 42 11 16 
1 4 5 8 6 1 1 8 4 4 2 4 4 5 9 1 5 1 9 8 5 3 7 6 7 5 7 4 3 4 4 4 2 4 6 2 0 0 0 4 4 0 0 9 9 7 6 8 9 3 5 5 3 4 0 6 1 0 3 6 7 1 5 0 0 0 3 0 7 8 4 9 6 8 1 0 6 7 4 3 2 0 1 4 1 9 5 8 7 0 1 0 6 9 1 2 5 5 0 6 2 9 5 6 6 5 6 5 8 1 7 5 8 1 1 4 4 7 7 7 0 2 6 2 0 6 2 1 7 9 1 0 1 6 4 2 0 5 4 4 0 1 0 4 4 6 6 6 9 1 8 7 2 6 3 3 1 9 2 3 6 7 2 4 9 2 7 7 3 3 8 1 5 4 5 3 6 7 7 0 2 1 6 5 2 2 7 1 7 3 3 6 6 5 3 6 6 5 7 8 1 7 9 9 3 6 5 8 6 5 3 1 4 9 1 8 8 9 1 5 3 5 9 4 3 1 8 9 7 0 1 6 1 4 2 6 9 9 0 4 8 5 1 2 4 3 8 2 2 1 9 1 8 9 0 8 0 6 4 2 2 2 3 3 0 2 0 8 2 5 6 3 8 6 6 0 1 7 5 3 9 0 7 0 9 7 6 1 6 5 1 4 5 3 6 7 3 8 0 9 3 1 9 1 4 7 2 2 4 5 9 9 4 9 8 9 3 9 6 2 4 3 0 3 5 8 5 8 4 4 6 2 0 0 7 0 7 0 0 5 4 2 3 2 1 9 3 0 0 2 9 1 4 3 4 2 0 2 9 7 6 7 9 3 7 9 5 1 1 4 8 7 7 8 1 8 2 2 1 2 2 5 9 4 0 2 5 5 8 2 3 5 3 8 9 3 7 3 7 3 
end solution 2
end try 2
begin try 3
best 495 time 9.343750
best 357 time 33.656250
best 316 time 50.765625
best 285 time 69.171875
best 277 time 90.656250
best 270 time 109.156250
best 250 time 146.171875
best 241 time 167.578125
best 237 time 189.343750
best 230 time 204.796875
best 222 time 219.890625
best 216 time 225.140625
best 212 time 230.109375
best 200 time 235.406250
best 197 time 256.671875
best 194 time 267.312500
best 193 time 272.703125
best 191 time 283.375000
best 189 time 294.031250
best 183 time 299.375000
best 178 time 304.687500
best 175 time 315.312500
best 170 time 320.656250
best 169 time 326.015625
best 167 time 331.359375
best 165 time 336.687500
best 164 time 342.078125
best 163 time 352.781250
best 160 time 358.156250
best 159 time 374.234375
best 157 time 379.609375
begin solution 3
feasible: evaluation function = 157
3 0 21 6 41 28 26 10 14 19 39 16 9 16 37 9 22 11 30 27 4 3 31 24 0 2 18 9 7 43 11 36 14 19 34 38 12 39 41 27 29 36 14 2 27 41 36 38 34 22 14 0 5 31 22 30 4 6 36 25 35 6 36 24 29 28 16 15 31 29 1 31 6 33 21 13 21 38 33 30 24 17 32 13 22 8 42 41 29 13 25 7 7 22 2 5 39 20 6 7 20 30 16 12 38 27 40 6 2 18 4 14 9 43 7 18 37 10 38 23 26 26 38 8 10 20 0 10 34 18 19 28 21 34 15 19 33 24 12 35 27 20 3 42 1 31 6 23 29 22 34 19 30 11 27 17 20 39 36 19 32 34 38 24 0 36 22 1 3 43 28 0 32 23 36 10 0 7 28 24 25 5 43 9 10 1 42 3 16 32 34 16 13 29 0 32 28 43 21 19 31 40 43 20 33 5 24 9 24 18 24 19 7 13 30 1 12 29 30 7 7 18 5 37 43 40 21 3 27 42 36 1 33 42 23 9 42 33 25 11 9 15 10 29 3 13 6 36 1 12 18 41 25 38 16 3 20 33 0 15 40 44 13 41 5 27 9 15 4 22 2 21 37 10 28 13 21 2 28 4 37 14 25 32 40 23 22 39 37 42 15 30 40 2 14 5 6 3 7 16 11 2 25 38 34 1 23 27 5 41 18 3 12 6 34 12 24 4 28 34 31 14 10 15 23 4 43 32 4 13 11 32 17 37 25 15 20 32 41 31 23 41 29 19 30 1 20 27 2 5 9 2 25 15 37 21 40 0 43 4 41 42 19 22 43 14 4 23 16 40 40 37 12 10 12 12 29 11 33 31 25 30 39 14 16 5 18 15 42 42 18 21 28 23 31 40 39 11 39 39 
1 9 5 5 4 2 1 5 4 4 0 4 4 5 2 3 8 1 9 5 5 7 7 6 7 5 7 1 3 4 6 4 2 6 0 2 0 9 9 4 4 0 0 6 6 7 9 5 9 3 8 5 3 4 9 8 1 2 3 6 3 1 6 1 1 1 3 9 3 8 1 0 9 5 1 2 6 7 4 3 2 2 1 4 1 0 8 5 7 0 1 2 9 2 1 6 5 5 0 6 2 6 8 9 6 8 6 7 8 1 4 5 7 2 1 4 3 7 3 7 0 2 4 1 9 6 2 4 3 6 0 0 0 6 4 9 0 5 1 1 1 4 0 1 4 8 6 6 6 0 5 7 2 4 7 1 1 6 8 3 6 7 0 4 8 7 7 3 3 3 5 1 5 9 5 3 6 5 7 0 5 1 0 2 2 2 7 2 7 3 1 9 9 5 3 0 4 8 7 8 1 7 6 9 3 5 8 8 9 8 7 1 4 6 4 5 5 9 1 8 7 2 9 4 1 1 8 9 3 0 1 6 1 4 0 6 9 6 0 0 5 8 1 2 4 5 8 2 9 3 0 1 8 9 0 5 0 9 4 2 2 0 3 3 0 0 0 5 2 5 9 3 5 6 9 1 4 7 8 3 9 1 4 4 9 3 6 1 6 6 0 7 8 3 6 7 3 8 0 6 3 2 9 1 4 7 2 9 4 8 9 6 6 4 8 4 3 0 6 2 9 3 0 7 5 8 5 7 6 7 9 2 0 0 7 1 7 9 0 5 4 2 3 2 0 0 3 2 0 8 9 4 3 3 1 2 0 0 9 7 6 3 5 4 7 9 9 1 1 4 5 7 7 8 2 8 0 2 2 2 2 5 2 7 2 2 5 6 5 2 3 9 3 8 6 3 4 7 7 3 
end solution 3
end try 3
begin try 4
best 442 time 6.500000
best 341 time 30.828125
best 303 time 49.203125
best 281 time 72.406250
best 247 time 95.656250
best 244 time 111.093750
best 235 time 128.031250
best 234 time 160.546875
best 231 time 193.671875
best 225 time 204.093750
best 220 time 214.062500
best 213 time 224.265625
best 211 time 234.812500
best 205 time 239.843750
best 199 time 244.828125
best 196 time 250.078125
best 194 time 260.640625
best 188 time 265.953125
best 186 time 281.843750
best 183 time 287.187500
best 180 time 292.484375
best 178 time 297.843750
best 176 time 303.187500
best 175 time 313.812500
best 174 time 319.125000
best 173 time 324.421875
best 171 time 335.078125
best 170 time 340.437500
best 168 time 345.765625
best 167 time 356.437500
begin solution 4
feasible: evaluation function = 167
21 32 31 14 24 43 26 37 1 18 12 34 37 19 11 13 42 2 42 4 21 28 5 27 13 33 20 10 15 39 10 15 30 16 10 20 42 4 16 30 31 2 18 25 29 12 34 30 9 39 24 40 10 41 19 9 16 28 33 0 16 39 3 43 29 10 34 31 0 31 2 2 38 5 36 23 20 42 6 12 21 33 3 38 22 0 6 42 18 7 31 39 38 22 34 33 28 41 14 33 28 3 13 10 40 0 31 29 20 0 3 43 15 38 0 28 23 18 10 23 15 7 16 32 22 35 24 28 6 41 38 12 19 24 12 30 41 14 43 24 19 36 21 0 32 13 39 27 22 43 0 25 25 18 11 31 26 4 34 28 43 2 30 17 37 25 7 32 35 22 27 39 40 37 15 43 7 10 22 13 2 40 28 40 44 27 15 14 33 42 37 42 28 32 19 1 34 3 14 4 6 21 39 40 38 28 29 38 1 23 18 44 12 23 11 43 16 23 37 16 24 9 34 9 41 35 36 18 19 30 42 3 23 13 31 14 36 37 33 27 13 7 15 27 10 25 39 2 3 43 34 8 18 36 24 38 15 19 35 29 5 15 22 30 6 27 3 7 42 32 25 21 11 12 9 32 33 16 29 4 1 3 9 38 5 32 6 4 11 12 16 29 36 5 2 9 36 7 11 41 1 31 43 21 4 20 17 16 24 13 13 19 11 1 18 32 21 41 20 25 14 7 29 31 6 22 12 40 12 25 37 33 18 5 42 11 14 0 0 11 41 4 7 9 40 32 7 20 5 39 15 25 30 3 40 1 36 13 4 38 6 27 24 19 36 5 1 14 11 22 19 34 37 27 40 21 37 36 9 27 23 10 30 29 20 9 6 20 1 6 20 41 26 34 14 23 39 25 4 29 
4 6 5 5 6 2 4 5 1 4 2 4 4 8 2 3 5 1 6 5 8 7 7 4 7 5 4 1 3 0 9 4 2 4 6 1 0 0 9 4 4 0 0 9 6 7 2 8 9 3 5 8 3 1 6 5 1 2 3 9 7 4 5 0 1 0 3 9 7 8 4 6 9 5 1 2 9 7 4 3 2 2 4 1 1 2 8 8 5 0 1 2 6 2 1 6 8 5 0 9 0 6 5 2 9 5 6 5 8 1 7 5 5 2 3 1 7 7 7 4 9 2 6 2 6 0 2 4 3 2 0 0 2 9 4 5 0 8 4 1 0 4 0 4 1 9 9 6 9 1 8 4 2 6 7 3 1 6 5 3 6 3 0 1 8 5 7 3 3 3 8 1 3 9 8 7 6 8 7 0 5 1 6 5 0 1 7 2 7 3 3 9 9 5 1 9 6 8 7 8 1 7 6 6 3 5 9 5 4 5 3 1 1 9 4 8 5 6 1 8 3 8 0 4 3 1 8 9 3 1 1 9 1 1 2 9 6 6 1 9 8 4 1 2 4 8 5 2 2 3 9 1 8 9 0 8 0 9 4 2 2 2 0 3 0 0 1 8 2 8 6 3 8 6 6 0 4 3 8 3 0 0 3 4 6 7 7 4 9 5 0 4 5 3 9 7 3 5 3 9 3 0 9 1 1 7 0 2 4 6 4 4 6 6 2 4 6 6 6 0 4 3 0 7 9 5 8 7 9 3 0 0 1 1 4 0 3 6 0 5 4 2 1 1 0 9 9 2 0 8 6 1 7 3 4 2 0 2 9 7 6 7 8 7 7 4 5 1 1 4 5 7 7 5 2 5 2 2 0 3 0 5 6 7 0 2 5 5 7 2 3 7 3 8 6 3 7 7 7 3 
end solution 4
end try 4
