begin try 1
best 28 time 0.403171
best 17 time 0.808604
best 12 time 2.069380
best 10 time 3.303597
best 9 time 3.716327
best 6 time 4.121853
best 4 time 4.935516
best 1 time 5.335268
best 0 time 5.660763
begin solution 1
feasible: evaluation function = 0
28 24 10 16 14 29 7 22 27 41 36 9 28 25 9 0 6 7 18 39 15 1 27 31 42 11 4 27 2 10 33 27 10 42 43 30 12 33 9 2 9 12 21 0 13 33 14 3 32 20 5 28 19 36 15 11 43 10 19 5 13 32 4 10 31 32 42 30 12 24 33 16 3 1 9 18 1 41 13 6 40 1 30 29 30 23 12 37 34 4 5 34 40 4 6 38 18 40 12 39 
4 0 1 3 0 4 3 4 2 1 3 3 2 3 4 0 4 4 4 3 0 0 4 4 0 4 2 3 0 2 0 0 4 2 1 4 0 3 0 4 2 1 0 4 0 1 4 4 4 0 1 0 0 4 4 3 0 0 2 2 3 3 4 3 0 0 4 3 3 2 4 4 0 3 1 0 4 0 1 0 1 1 0 0 2 0 2 4 2 3 0 0 4 0 3 3 1 0 4 0 
end solution 1
end try 1
begin try 2
best 36 time 0.403727
best 26 time 0.823151
best 21 time 1.240155
best 18 time 2.554459
best 15 time 3.417237
best 12 time 4.715023
best 11 time 5.146373
best 8 time 5.569825
best 7 time 6.011802
best 6 time 9.510448
best 5 time 9.919313
best 4 time 11.801298
best 3 time 41.105517
best 2 time 41.493537
best 1 time 50.995719
begin solution 2
feasible: evaluation function = 1
22 20 12 34 24 1 23 2 37 33 21 28 36 20 23 27 28 6 37 42 13 14 2 40 9 22 2 32 31 31 21 9 38 13 36 4 3 40 28 0 22 14 27 41 40 21 10 31 36 3 22 18 25 16 25 14 3 11 41 18 25 43 9 16 37 15 34 5 0 4 4 7 24 43 9 10 15 37 22 19 39 43 5 29 3 32 1 24 36 7 23 42 12 4 18 12 5 19 19 38 
4 0 0 3 1 4 3 4 2 0 3 3 0 3 4 0 4 4 4 3 0 0 3 4 2 3 0 3 0 2 0 0 4 2 1 4 0 3 0 4 2 1 1 4 0 1 4 4 4 1 1 0 0 4 4 3 3 0 0 1 3 3 4 3 1 0 4 3 0 2 3 4 0 0 1 0 4 0 0 3 0 1 0 0 2 0 0 4 2 3 0 0 4 0 3 3 1 0 4 0 
end solution 2
end try 2
begin try 3
best 26 time 0.405854
best 20 time 0.832542
best 14 time 1.254641
best 11 time 2.084705
best 9 time 3.803343
best 8 time 4.262058
best 6 time 5.075673
best 5 time 5.519492
best 2 time 5.942896
best 1 time 6.336378
best 0 time 6.719440
begin solution 3
feasible: evaluation function = 0
37 7 39 36 22 5 7 10 43 16 4 4 42 20 6 16 1 38 12 13 13 38 37 40 5 37 40 0 42 39 5 9 13 25 36 43 11 10 23 36 3 2 1 39 15 41 20 3 2 43 10 4 40 15 41 38 15 1 13 24 12 6 19 2 38 6 25 41 43 37 9 42 10 42 15 16 7 18 0 11 36 5 24 41 2 36 0 0 12 40 23 3 21 25 24 22 0 22 39 19 
0 0 1 3 1 4 3 4 2 1 3 4 2 3 4 0 4 4 4 3 0 0 4 4 2 3 2 3 0 2 0 0 4 2 2 4 0 3 1 4 2 1 1 4 0 1 4 4 4 1 1 0 0 4 4 3 3 0 2 1 3 3 4 3 1 0 4 3 0 2 3 4 0 3 1 4 4 0 1 3 1 1 0 0 0 0 0 4 0 3 0 0 4 0 3 3 2 0 0 0 
end solution 3
end try 3
begin try 4
best 23 time 0.425659
best 15 time 0.857953
best 14 time 1.294857
best 10 time 1.719191
best 7 time 3.867462
best 6 time 4.310594
best 3 time 4.744932
best 2 time 5.963191
best 1 time 6.277550
best 0 time 6.929583
begin solution 4
feasible: evaluation function = 0
22 7 7 38 25 34 14 0 22 19 9 18 5 16 37 29 9 13 16 5 13 1 15 12 2 30 32 28 40 42 9 12 41 33 9 4 30 32 3 23 28 41 39 28 43 1 32 2 6 4 9 14 36 14 20 10 0 3 0 5 25 23 25 10 32 24 22 3 2 4 13 11 27 0 25 3 18 11 22 1 27 13 20 28 6 11 41 27 16 27 6 15 15 21 22 19 31 33 7 28 
0 0 1 3 0 4 3 4 2 0 3 3 0 3 4 0 4 4 4 3 0 0 3 4 2 3 0 3 0 0 0 0 4 2 2 4 0 3 1 4 2 0 0 4 0 1 4 4 4 1 1 0 0 4 4 3 3 0 2 1 3 3 4 4 1 0 4 3 0 0 3 4 0 0 1 4 4 0 1 3 1 1 0 0 2 1 1 4 0 3 0 0 4 0 3 3 0 0 3 1 
end solution 4
end try 4
begin try 5
best 27 time 0.402771
best 23 time 0.819676
best 17 time 1.228517
best 15 time 1.642594
best 11 time 2.068600
best 7 time 2.469730
best 4 time 2.902008
best 3 time 3.778176
best 1 time 4.176480
best 0 time 7.280383
begin solution 5
feasible: evaluation function = 0
36 36 0 6 37 31 38 4 32 25 43 39 28 42 38 2 19 18 24 33 25 33 41 39 0 34 41 5 34 21 40 41 43 6 37 7 22 41 20 34 0 19 24 2 4 7 42 1 37 3 36 6 18 6 40 37 42 23 19 1 32 20 29 19 34 20 23 27 7 24 25 0 27 39 6 22 27 43 28 30 29 40 1 39 43 21 28 5 18 22 37 24 30 18 25 36 29 3 21 30 
4 0 1 3 1 4 3 4 0 1 3 3 0 3 4 0 4 4 4 3 0 0 4 4 0 3 2 3 0 2 0 0 4 2 2 4 4 3 1 4 2 1 1 4 0 1 4 4 4 1 1 0 3 4 4 3 0 0 0 1 3 3 4 3 1 0 4 3 0 2 3 4 0 0 1 0 4 0 1 0 0 1 0 1 2 1 2 4 2 3 0 0 4 0 4 3 1 0 0 1 
end solution 5
end try 5
begin try 6
best 29 time 0.439883
best 22 time 0.854128
best 15 time 1.266557
best 10 time 2.187383
best 9 time 3.979253
best 8 time 4.430681
best 4 time 5.712547
best 3 time 6.107748
best 2 time 7.189366
best 1 time 7.559257
best 0 time 7.854271
begin solution 6
feasible: evaluation function = 0
12 37 7 5 28 31 33 24 20 6 31 27 4 18 0 1 34 29 40 28 25 29 2 6 29 1 27 23 2 6 34 3 7 30 7 28 16 7 33 14 3 32 1 30 43 10 18 5 3 12 0 40 0 19 21 30 10 19 38 16 13 3 25 19 3 31 22 32 29 34 9 32 6 27 27 22 4 15 13 4 34 36 21 31 36 37 9 27 0 33 28 0 23 9 24 25 42 33 34 25 
0 0 0 3 1 4 3 4 0 1 3 3 2 3 4 0 4 4 4 3 0 0 3 4 2 3 2 3 0 2 0 0 4 0 1 4 0 3 1 4 2 1 1 4 0 1 4 4 4 1 1 0 3 4 4 3 0 0 0 1 3 3 4 3 1 0 4 0 3 2 3 4 0 0 1 0 4 0 0 0 1 1 0 1 0 1 1 4 2 4 0 0 4 0 3 3 0 0 3 1 
end solution 6
end try 6
begin try 7
best 32 time 0.428288
best 19 time 0.850522
best 18 time 1.753609
best 7 time 2.186896
best 6 time 3.117359
best 4 time 3.539018
best 3 time 5.516945
best 1 time 6.682175
best 0 time 10.634476
begin solution 7
feasible: evaluation function = 0
33 18 23 30 33 18 38 28 15 3 21 27 0 36 38 21 0 5 4 19 23 4 25 23 19 40 18 6 0 20 19 41 40 6 25 20 3 29 12 25 24 22 37 22 37 40 43 24 33 16 4 29 39 15 42 37 28 24 1 5 20 19 9 3 43 22 2 22 25 37 5 34 42 23 15 32 39 16 15 27 34 32 43 21 31 0 6 13 21 7 7 10 37 34 18 11 32 12 1 7 
0 0 1 3 1 4 3 4 2 1 3 3 2 3 4 0 4 4 4 3 0 0 3 4 2 3 2 3 0 0 0 0 4 0 1 4 0 3 1 4 2 1 1 4 0 0 4 4 4 1 1 0 0 4 4 3 0 0 2 1 3 4 4 3 1 0 4 3 0 2 0 4 0 3 1 0 4 0 0 0 1 1 0 1 0 1 1 4 2 3 0 0 4 0 3 3 2 0 0 1 
end solution 7
end try 7
begin try 8
best 33 time 0.414020
best 24 time 0.841001
best 19 time 1.278963
best 16 time 1.749291
best 8 time 2.579500
best 7 time 3.005578
best 5 time 3.872799
best 4 time 4.283628
best 2 time 5.093885
best 0 time 5.423086
begin solution 8
feasible: evaluation function = 0
9 16 22 3 11 37 0 41 42 40 24 5 19 38 21 4 2 6 36 36 0 3 18 40 24 23 3 16 25 24 10 23 15 13 15 23 22 1 39 43 25 16 14 19 5 19 24 3 0 1 9 13 18 25 5 18 15 20 37 18 2 14 7 20 25 14 20 40 4 9 1 1 6 6 6 39 38 42 7 11 39 40 43 37 7 22 36 4 5 42 11 11 12 21 9 9 0 36 7 36 
0 0 0 3 1 4 3 4 2 0 3 3 0 3 4 0 4 4 4 3 0 0 4 4 0 3 2 3 0 2 0 0 4 2 1 4 4 3 0 4 2 1 1 4 0 1 4 4 4 1 1 0 0 4 4 3 0 0 0 1 3 3 4 3 1 0 4 3 3 2 0 4 0 3 1 4 4 0 1 3 1 1 0 1 2 1 2 4 2 3 4 0 4 0 4 3 1 0 0 1 
end solution 8
end try 8
begin try 9
best 33 time 0.408528
best 21 time 0.835387
best 14 time 1.274861
best 3 time 1.704930
best 2 time 2.093480
best 1 time 2.487661
begin solution 9
feasible: evaluation function = 1
24 42 5 18 0 40 22 23 40 3 23 15 9 11 7 23 22 25 21 1 0 10 19 43 19 40 0 0 38 6 4 1 41 9 22 1 9 6 16 39 41 24 10 38 22 41 13 4 19 4 21 6 7 5 16 21 5 41 1 10 42 38 12 41 20 16 15 36 21 21 24 24 36 3 6 3 18 20 7 25 22 2 13 18 18 23 39 37 16 0 20 15 36 7 25 12 18 19 12 19 
0 0 1 3 1 4 3 4 0 1 3 3 0 3 4 0 4 4 4 3 0 0 3 4 2 3 2 3 0 2 0 0 4 2 2 4 4 3 1 4 2 1 1 4 0 1 4 4 4 1 1 0 3 4 4 3 0 0 2 2 3 3 4 3 1 0 4 3 0 2 3 4 0 3 1 0 4 0 1 0 1 0 0 0 2 1 0 4 2 4 4 0 4 0 3 3 1 0 0 1 
end solution 9
end try 9
begin try 10
best 26 time 0.409182
best 21 time 0.831162
best 13 time 1.265885
best 11 time 2.503053
best 6 time 2.909941
best 5 time 3.297218
best 4 time 6.054089
best 3 time 6.433199
begin solution 10
feasible: evaluation function = 3
27 29 10 19 1 30 11 25 15 21 4 24 9 3 32 24 18 10 12 25 22 21 21 9 30 15 12 28 34 9 0 4 34 3 11 23 20 20 22 3 1 20 19 15 11 1 0 19 22 29 23 20 12 16 5 10 28 14 16 18 0 23 7 18 12 16 2 32 1 13 23 4 6 31 24 7 21 27 0 14 27 10 15 13 18 25 31 13 34 9 11 2 1 31 24 12 25 25 13 19 
4 0 0 3 0 4 3 4 2 1 3 3 0 3 4 0 4 4 4 3 0 0 3 4 0 3 2 3 0 2 0 0 4 0 1 4 4 3 1 4 2 1 0 4 0 1 4 4 4 1 1 0 0 4 4 3 0 0 2 1 3 3 4 3 1 0 4 0 3 2 0 4 0 3 1 0 4 0 1 3 1 1 0 1 0 1 1 4 2 3 4 0 4 0 4 3 2 0 0 1 
end solution 10
end try 10
begin try 11
best 25 time 0.426427
best 16 time 0.862285
best 13 time 1.286144
best 7 time 2.140113
best 6 time 2.591845
best 5 time 3.405649
best 3 time 3.769169
best 2 time 4.138380
best 1 time 4.488539
best 0 time 14.664994
begin solution 11
feasible: evaluation function = 0
38 25 20 19 9 15 36 22 13 0 1 4 38 43 12 37 1 23 9 10 20 22 39 40 1 24 25 33 24 7 36 1 41 43 41 38 43 3 3 21 19 40 42 24 15 38 2 0 42 25 40 9 5 18 25 20 11 7 11 22 14 18 6 0 39 41 7 13 14 36 9 11 16 14 4 13 36 0 37 19 11 36 10 42 37 10 39 37 2 19 6 21 39 12 41 31 43 4 18 3 
0 0 1 3 1 4 3 4 2 1 3 3 2 3 4 0 4 4 4 3 0 0 3 4 2 3 2 3 0 2 0 0 4 2 1 4 0 3 0 4 2 0 0 4 0 1 4 4 4 1 1 0 0 4 4 3 0 0 2 1 3 3 4 3 1 0 4 3 0 2 3 4 0 4 1 0 4 0 1 0 1 1 0 1 2 1 0 4 0 4 0 0 4 0 3 3 1 0 0 1 
end solution 11
end try 11
begin try 12
best 17 time 0.401518
best 15 time 1.233203
best 14 time 2.132142
best 13 time 3.427113
best 11 time 3.890668
best 7 time 4.756848
best 6 time 5.187046
best 5 time 5.572705
best 4 time 7.588498
best 3 time 10.326062
best 2 time 12.261191
best 1 time 12.675428
best 0 time 14.838032
begin solution 12
feasible: evaluation function = 0
37 21 0 33 1 14 43 31 27 5 0 16 9 40 12 12 33 27 18 18 7 38 34 16 42 12 32 11 27 29 4 28 9 34 27 20 10 24 0 34 13 2 14 29 23 30 4 25 15 9 12 22 6 28 6 5 5 2 11 7 9 14 30 2 7 42 21 22 1 14 7 3 6 16 18 34 1 19 1 30 9 20 39 28 18 13 5 11 19 31 36 33 39 15 7 30 10 31 3 31 
0 0 0 3 0 4 3 4 2 1 3 3 2 3 4 0 4 4 4 3 0 0 3 4 2 3 0 3 0 0 0 0 4 2 1 4 0 3 1 4 0 1 1 4 0 1 4 4 4 0 1 0 3 4 4 3 0 0 0 2 3 3 4 3 1 0 4 3 3 0 3 4 0 0 1 0 4 0 1 0 1 0 0 1 0 1 2 4 2 3 0 0 4 0 4 3 1 0 0 1 
end solution 12
end try 12
begin try 13
best 29 time 0.433842
best 12 time 0.835481
best 9 time 1.254034
best 8 time 2.066817
best 5 time 2.482513
best 4 time 3.300313
best 3 time 4.077366
best 2 time 4.437593
best 1 time 4.791839
best 0 time 7.611050
begin solution 13
feasible: evaluation function = 0
4 22 28 32 12 12 12 3 1 6 33 31 20 14 16 14 0 5 25 16 19 27 18 14 28 13 14 10 21 9 20 0 7 10 10 9 21 3 1 34 25 5 33 4 6 2 31 10 1 24 11 24 27 6 22 15 22 9 16 19 24 34 28 29 9 10 29 9 5 7 5 2 13 13 7 23 20 32 4 21 7 18 15 14 0 16 34 23 1 20 12 16 15 34 19 27 25 11 18 32 
0 0 1 3 1 4 3 4 0 1 3 3 2 3 4 0 4 4 4 3 0 0 3 4 0 3 2 3 0 2 0 0 4 2 1 4 4 3 1 4 0 1 0 4 0 0 4 4 4 1 1 0 4 4 4 3 3 0 2 1 3 3 4 3 1 0 4 3 0 2 3 4 0 4 1 0 4 0 1 3 0 1 0 1 2 1 1 4 2 3 0 0 4 0 3 3 1 0 0 1 
end solution 13
end try 13
begin try 14
best 19 time 0.449310
best 7 time 0.868035
best 5 time 1.718597
best 4 time 2.571670
best 3 time 4.513785
best 2 time 4.837528
best 1 time 6.897999
best 0 time 7.738947
begin solution 14
feasible: evaluation function = 0
21 19 41 19 28 12 39 18 5 32 16 40 42 15 13 1 2 36 15 9 41 34 23 27 22 38 7 42 12 10 11 25 41 43 41 6 37 37 1 7 39 9 21 42 0 21 29 39 3 3 13 14 36 40 11 34 29 37 9 13 10 13 10 33 10 9 43 14 19 34 3 25 22 16 33 43 14 15 0 38 10 7 23 18 15 16 29 32 40 4 27 30 28 36 41 11 15 42 43 40 
4 0 1 4 0 4 3 4 0 0 3 3 2 3 4 0 4 4 4 3 0 0 3 4 2 3 0 3 0 2 0 0 4 2 2 4 4 3 1 4 0 1 0 4 0 1 4 4 4 1 1 0 3 4 4 3 0 0 2 0 3 3 4 3 1 0 4 3 3 2 0 4 0 0 0 0 4 0 1 0 0 1 0 0 2 1 1 4 0 3 0 0 4 0 3 3 1 0 3 1 
end solution 14
end try 14
begin try 15
best 28 time 0.406203
best 18 time 0.860276
best 13 time 1.304351
best 11 time 1.716797
best 7 time 2.562335
best 6 time 3.787632
best 5 time 5.360372
best 4 time 6.103874
best 3 time 7.537203
best 2 time 7.814674
begin solution 15
feasible: evaluation function = 2
20 40 42 37 6 34 6 40 34 32 4 3 28 21 21 21 25 3 23 22 32 37 7 29 7 36 40 31 36 36 6 5 19 21 37 1 28 19 29 6 6 2 38 36 38 34 4 5 7 11 42 3 19 32 43 41 41 31 24 1 28 1 2 30 5 18 24 29 43 39 37 41 28 0 1 27 39 27 15 34 3 4 0 43 37 21 43 20 7 18 2 34 0 39 33 18 27 22 27 0 
0 0 0 3 1 4 3 4 2 1 3 3 2 3 4 0 4 4 4 3 0 0 3 4 2 3 2 3 0 2 0 0 4 2 1 4 4 3 1 4 2 1 1 4 0 1 4 4 4 0 1 0 0 4 4 3 0 0 0 0 3 3 4 3 1 0 4 0 0 2 4 4 0 3 1 4 4 0 0 3 1 0 0 1 2 1 2 4 0 4 0 0 4 0 3 3 1 0 3 1 
end solution 15
end try 15
begin try 16
best 23 time 0.410775
best 16 time 1.244433
best 15 time 2.088448
best 11 time 2.528847
best 8 time 2.953564
best 6 time 3.822825
best 3 time 4.244423
best 2 time 5.746618
best 1 time 6.999438
begin solution 16
feasible: evaluation function = 1
1 41 3 28 7 15 32 10 11 1 43 0 18 9 36 9 13 0 42 30 34 27 1 32 37 37 2 10 43 3 30 33 37 18 18 6 2 41 27 12 36 1 28 7 31 7 43 14 39 5 33 40 4 16 34 39 7 42 10 13 4 21 31 36 2 16 3 28 32 6 0 27 22 29 38 14 28 5 40 19 34 36 12 9 36 12 31 40 43 3 38 25 30 6 29 6 28 29 39 39 
4 0 1 3 0 4 3 4 0 1 3 3 0 3 4 0 4 4 4 3 0 0 3 4 0 3 2 3 0 0 0 0 4 2 1 4 0 3 1 4 0 0 1 4 0 1 4 4 4 1 1 0 0 4 4 3 3 0 0 0 3 3 4 3 1 0 4 0 0 2 0 4 0 4 1 0 4 0 1 0 1 1 0 1 2 1 1 4 2 3 0 0 4 0 3 3 2 0 0 1 
end solution 16
end try 16
begin try 17
best 30 time 0.403343
best 19 time 0.859093
best 13 time 1.286148
best 4 time 1.692466
best 3 time 2.546186
best 2 time 2.911937
best 1 time 4.158812
begin solution 17
feasible: evaluation function = 1
16 23 37 11 40 0 9 12 2 14 43 36 24 20 22 2 38 36 5 21 14 10 2 24 40 13 3 22 0 43 37 21 18 15 39 1 5 24 36 9 9 38 4 41 6 41 43 6 19 18 6 40 15 42 21 18 13 41 0 25 1 37 40 41 5 42 4 18 0 18 16 7 43 25 1 3 10 12 7 4 22 20 24 43 1 3 9 23 41 39 39 36 15 3 20 7 37 20 38 39 
0 0 1 3 1 4 3 4 2 1 3 3 2 3 4 0 4 4 4 3 0 0 3 4 2 3 2 3 0 2 0 0 4 2 2 4 0 3 1 4 0 1 1 4 0 1 4 4 4 1 1 0 0 4 4 3 0 0 2 1 3 3 4 3 1 0 4 0 3 2 3 4 0 0 1 4 4 0 0 0 0 1 0 1 0 1 1 4 2 3 0 0 4 0 4 3 2 0 0 1 
end solution 17
end try 17
begin try 18
best 30 time 0.413718
best 15 time 0.860075
best 14 time 1.326574
best 7 time 1.742480
best 4 time 3.037903
best 3 time 3.876393
best 1 time 5.445851
best 0 time 10.470275
begin solution 18
feasible: evaluation function = 0
18 23 10 16 30 41 9 27 41 28 4 37 2 19 4 3 43 14 38 1 25 19 15 3 42 24 7 5 43 10 14 13 24 13 19 2 22 7 42 39 0 31 33 13 21 9 16 11 9 38 36 16 39 10 23 6 0 10 39 36 22 1 12 10 25 24 15 37 22 21 38 20 5 12 9 34 21 0 32 0 15 2 15 5 23 16 42 18 14 41 12 6 25 2 7 36 9 11 6 11 
0 0 1 3 0 4 3 4 0 0 3 3 2 3 4 0 4 4 4 3 0 0 3 4 2 3 0 3 0 2 0 0 4 2 1 4 4 3 1 4 2 0 0 4 0 0 4 4 4 1 1 0 0 4 4 3 4 0 2 0 3 4 4 3 1 0 4 0 0 2 0 4 0 3 1 0 4 0 0 3 1 1 0 1 2 1 0 4 2 3 0 0 4 0 4 3 2 0 4 1 
end solution 18
end try 18
begin try 19
best 30 time 0.407189
best 21 time 0.818974
best 13 time 1.286360
best 10 time 1.704524
best 9 time 3.009635
best 8 time 3.416670
best 7 time 5.437111
best 6 time 5.852495
best 4 time 6.303085
best 3 time 7.020532
best 2 time 9.187578
begin solution 19
feasible: evaluation function = 2
1 3 34 14 10 22 25 4 19 22 39 43 37 3 9 43 38 41 2 0 38 12 19 25 22 24 39 21 23 30 21 16 12 3 18 23 2 5 40 37 18 13 31 0 10 29 43 39 1 1 9 20 28 18 21 24 13 36 36 39 41 15 40 36 37 7 19 25 18 37 3 36 42 6 0 6 42 4 19 5 36 42 0 6 40 24 20 5 43 7 9 14 10 18 22 7 39 6 19 38 
0 0 0 3 1 4 3 4 2 1 3 3 2 3 4 0 4 4 4 3 0 0 3 4 0 4 2 3 0 0 0 0 4 2 1 4 0 3 1 4 2 1 0 4 0 0 4 4 4 1 1 0 0 4 4 3 0 0 2 0 3 3 4 3 1 0 4 0 3 0 4 4 0 3 1 4 4 0 1 0 1 1 0 1 0 0 1 4 2 4 0 0 4 0 3 3 1 0 0 1 
end solution 19
end try 19
begin try 20
best 33 time 0.420766
best 14 time 0.828447
best 11 time 1.261113
best 8 time 1.698362
best 7 time 4.114361
best 5 time 5.984808
best 4 time 6.322091
best 3 time 7.012500
best 2 time 7.575257
begin solution 20
feasible: evaluation function = 2
18 24 37 36 41 12 41 19 9 7 0 16 18 13 37 38 39 7 5 9 6 36 19 13 9 3 15 2 12 21 10 0 4 19 36 42 3 1 38 43 7 9 42 1 14 3 16 0 36 10 1 21 39 20 38 37 11 42 3 22 15 22 10 42 2 23 21 40 18 42 6 22 11 15 5 1 40 5 4 40 13 39 7 23 16 40 4 2 20 43 41 20 6 3 5 18 9 15 39 37 
4 0 0 3 1 4 3 4 0 1 3 3 2 3 4 0 4 4 4 3 0 0 3 4 2 3 2 3 0 2 0 0 4 0 1 4 4 3 1 4 2 1 1 4 0 1 4 4 4 1 1 0 0 4 4 3 3 0 2 0 3 3 4 3 0 0 4 0 0 2 3 4 0 4 1 0 4 0 1 3 0 1 0 1 0 1 0 4 2 3 0 0 4 0 3 3 4 0 3 1 
end solution 20
end try 20
begin try 21
best 16 time 0.408420
best 11 time 1.253647
best 7 time 1.659732
best 6 time 2.069842
best 5 time 2.426993
best 3 time 3.656630
best 2 time 4.422227
best 1 time 11.323821
begin solution 21
feasible: evaluation function = 1
24 9 32 30 16 29 12 34 34 19 23 9 24 36 11 42 18 22 23 37 15 37 42 40 33 20 15 43 39 39 31 10 12 11 36 36 30 18 25 14 12 42 12 38 14 16 9 25 39 22 23 28 28 10 43 21 29 40 40 19 27 13 15 16 27 43 27 34 16 38 38 30 34 22 11 13 24 19 18 41 24 36 41 43 9 37 22 37 22 20 21 21 42 13 39 32 27 11 18 14 
0 0 0 3 0 4 3 4 2 1 3 3 2 3 4 0 4 4 4 3 0 0 3 4 0 3 2 3 0 2 0 0 4 2 0 4 0 3 0 4 0 1 1 4 0 1 4 4 4 0 0 0 3 4 4 3 0 0 2 2 3 3 4 4 1 0 4 3 3 2 0 4 0 3 1 4 4 0 1 3 1 1 0 1 2 1 1 4 2 4 4 0 4 0 3 3 0 0 0 1 
end solution 21
end try 21
begin try 22
best 28 time 0.420149
best 21 time 0.832788
best 19 time 1.254359
best 10 time 1.683550
best 8 time 2.111217
best 6 time 2.522877
best 5 time 3.001035
best 2 time 3.410041
best 1 time 9.370101
begin solution 22
feasible: evaluation function = 1
37 43 22 3 2 31 7 20 20 33 31 24 2 34 22 27 7 25 36 18 1 18 1 3 34 30 25 20 19 7 2 0 5 32 1 39 25 38 23 34 22 21 27 37 33 36 24 41 42 37 32 21 18 2 21 28 20 22 28 39 25 28 19 22 36 31 1 24 23 29 6 4 30 32 4 6 0 29 41 32 20 39 28 38 24 18 42 27 18 23 7 34 30 5 4 21 24 4 27 1 
0 0 1 3 1 4 3 4 2 1 3 3 2 3 4 0 4 4 4 3 0 0 3 4 2 3 2 3 0 2 0 0 4 2 2 4 0 3 1 4 2 1 1 4 0 0 4 4 4 1 1 0 4 4 4 3 0 0 2 0 3 4 4 3 1 0 4 0 0 2 3 4 0 0 1 0 4 0 0 3 1 1 0 0 2 1 0 4 2 3 0 0 4 0 3 3 1 0 3 1 
end solution 22
end try 22
begin try 23
best 34 time 0.424129
best 25 time 0.833915
best 18 time 1.254934
best 15 time 1.668505
best 13 time 2.986871
best 12 time 3.419349
best 6 time 5.141323
best 5 time 5.582363
best 3 time 5.972095
best 1 time 6.795967
best 0 time 7.179423
begin solution 23
feasible: evaluation function = 0
6 7 0 13 2 18 18 15 33 9 11 34 19 7 0 9 28 2 39 6 10 22 27 19 12 28 27 21 25 39 40 27 37 29 14 5 30 10 5 27 16 36 32 30 43 33 11 4 7 1 10 39 6 25 31 9 28 32 0 7 24 10 13 32 6 4 23 19 36 31 14 42 31 3 34 12 24 33 3 4 0 42 16 43 37 12 21 21 10 41 18 23 16 19 15 31 38 34 21 16 
0 0 0 3 0 4 3 4 2 1 3 3 2 3 4 0 4 4 4 3 0 0 3 4 2 3 2 3 0 2 0 0 4 0 1 4 0 3 0 4 2 1 1 4 0 1 4 4 4 0 1 0 4 4 4 3 0 0 2 1 3 4 4 3 1 0 4 3 0 2 0 4 0 0 1 0 4 0 1 3 1 0 0 1 0 1 1 4 2 3 0 0 4 0 3 3 0 0 0 1 
end solution 23
end try 23
begin try 24
best 24 time 0.404038
best 12 time 0.832819
best 6 time 1.285807
best 5 time 2.106119
best 3 time 2.882881
best 2 time 3.922411
begin solution 24
feasible: evaluation function = 2
29 22 42 24 39 2 6 43 23 6 25 37 0 30 19 42 28 6 31 27 0 41 34 37 29 28 3 22 33 33 7 21 23 25 41 5 40 29 5 0 27 28 19 20 6 38 30 33 39 36 23 1 23 18 4 7 31 18 1 20 3 7 21 18 39 40 24 5 4 18 33 41 38 32 21 5 3 3 29 25 40 0 32 30 36 41 7 32 6 2 23 24 1 34 42 19 33 19 38 36 
0 0 1 3 0 4 3 4 2 1 3 3 2 3 4 0 4 4 4 3 0 0 3 4 2 3 2 3 0 2 0 0 4 2 2 4 4 3 1 4 0 0 1 4 0 1 4 4 4 0 1 0 3 4 4 3 0 0 2 0 3 4 4 3 1 0 4 3 0 2 3 4 0 3 1 0 4 0 1 0 1 1 0 0 2 1 1 4 2 3 0 0 4 0 3 3 1 0 3 1 
end solution 24
end try 24
begin try 25
best 21 time 0.444090
best 20 time 0.856327
best 14 time 1.281722
best 11 time 1.704627
best 5 time 2.128890
best 4 time 3.364573
best 2 time 3.788177
best 1 time 4.143825
best 0 time 9.520942
begin solution 25
feasible: evaluation function = 0
31 10 41 9 43 9 33 4 20 28 38 12 28 7 11 43 21 24 23 6 28 27 43 6 5 36 39 14 15 13 9 38 14 42 9 37 18 11 25 22 43 36 6 40 5 31 39 38 15 33 27 6 15 19 3 37 0 30 9 27 3 4 12 41 37 13 42 1 0 0 13 2 42 2 36 32 16 3 1 36 4 20 16 42 14 40 36 1 3 19 40 14 34 37 7 40 7 41 43 0 
0 0 1 3 1 4 3 4 0 1 3 3 2 3 4 0 4 4 4 3 0 0 3 4 2 3 0 3 0 2 0 0 4 2 1 4 0 3 0 4 2 1 1 4 0 1 4 4 4 0 1 0 3 4 4 3 0 0 2 2 3 3 4 3 1 0 4 0 3 2 3 4 0 0 0 0 4 0 1 4 0 1 0 1 2 1 2 4 2 3 0 0 4 0 4 3 0 0 4 1 
end solution 25
end try 25
begin try 26
best 28 time 0.431104
best 21 time 0.861763
best 16 time 1.273080
best 9 time 2.112849
best 7 time 2.536907
best 6 time 2.962297
best 5 time 5.028609
best 4 time 5.867666
best 3 time 6.640332
best 2 time 12.175713
begin solution 26
feasible: evaluation function = 2
18 1 0 6 18 13 33 19 42 11 5 12 32 41 32 5 4 39 3 36 16 15 42 15 27 28 43 28 14 37 10 23 34 3 34 36 38 38 1 10 7 14 20 27 28 37 5 0 41 37 28 21 9 7 12 34 10 0 1 37 4 11 1 0 29 40 43 15 13 2 27 24 25 39 2 22 31 3 20 18 3 42 36 41 14 4 9 33 12 6 7 6 16 34 9 32 4 9 31 2 
0 0 1 3 1 4 3 4 0 0 3 3 0 3 4 0 4 4 4 3 0 0 3 4 2 4 0 3 0 4 0 0 4 2 1 4 0 3 1 4 2 1 1 4 0 0 4 4 4 1 1 0 4 4 4 3 3 0 2 2 3 3 4 3 0 0 4 3 0 2 0 4 0 0 1 0 4 0 0 3 1 1 0 0 2 1 1 4 0 4 0 0 4 0 3 3 0 0 0 0 
end solution 26
end try 26
begin try 27
best 17 time 0.410095
best 13 time 0.840493
best 10 time 1.285483
best 5 time 1.698654
best 1 time 2.114157
begin solution 27
feasible: evaluation function = 1
40 21 9 23 38 34 16 43 18 37 33 34 29 29 29 14 10 25 16 28 39 41 14 36 28 37 36 18 25 28 16 22 28 41 9 42 20 36 32 24 43 18 11 38 18 38 12 37 11 36 22 23 41 20 32 27 13 9 43 37 31 10 13 9 39 10 31 41 14 39 21 9 31 43 25 12 30 37 13 34 30 10 32 23 20 24 16 15 12 20 15 42 39 36 27 13 25 40 42 28 
4 0 1 3 0 4 3 4 2 1 3 3 0 3 4 0 4 4 4 3 0 0 4 4 0 3 2 3 0 2 0 0 4 2 2 4 0 3 1 4 2 1 0 4 0 1 4 4 4 1 1 0 4 4 4 3 0 0 0 2 3 3 4 3 1 0 4 3 3 2 3 4 0 3 1 0 4 0 1 0 0 1 0 1 2 0 1 4 2 3 0 0 4 0 4 3 2 0 3 1 
end solution 27
end try 27
begin try 28
best 29 time 0.410212
best 17 time 0.817237
best 10 time 1.656558
best 7 time 3.454000
best 6 time 4.742447
best 5 time 5.993815
best 4 time 7.086308
best 2 time 7.492653
best 1 time 11.219540
best 0 time 11.628319
begin solution 28
feasible: evaluation function = 0
36 36 36 31 0 19 7 10 0 6 2 5 28 43 43 43 28 5 40 4 9 30 4 30 3 36 6 0 32 1 39 38 37 1 10 1 5 39 28 27 31 16 40 7 33 34 39 32 34 28 10 27 13 23 3 40 28 16 27 4 27 13 33 16 32 42 18 21 31 29 37 29 2 31 22 12 6 24 29 41 3 29 15 27 36 3 6 42 21 0 0 14 14 11 32 1 32 34 34 38 
4 0 1 3 1 4 3 4 2 1 3 3 2 3 4 0 4 4 4 3 0 0 4 4 2 3 2 3 0 0 0 0 4 2 1 4 0 3 0 4 2 1 0 4 0 1 4 4 4 1 0 0 0 4 4 3 3 0 2 0 3 3 4 3 1 0 4 0 0 2 0 4 0 4 0 0 4 0 1 0 1 0 0 1 2 0 0 4 2 4 0 0 4 0 3 3 2 0 3 1 
end solution 28
end try 28
begin try 29
best 28 time 0.496069
best 15 time 0.912960
best 14 time 1.328666
best 11 time 3.032181
best 8 time 3.506708
best 6 time 3.913986
best 5 time 5.587181
best 4 time 6.766143
best 3 time 9.045291
best 2 time 9.463667
best 1 time 10.353738
best 0 time 10.951535
begin solution 29
feasible: evaluation function = 0
34 13 15 37 11 5 0 12 10 39 7 6 36 9 22 1 15 25 23 2 41 11 0 1 43 39 7 40 7 5 39 43 20 13 14 3 2 12 37 14 37 40 13 11 19 28 7 16 4 1 41 14 36 36 10 43 40 16 21 30 10 43 38 16 12 4 24 11 15 14 12 42 37 10 19 38 9 18 10 41 9 20 3 18 9 7 27 41 18 6 0 15 13 36 5 42 2 6 2 2 
0 0 1 3 1 4 3 4 2 1 3 3 2 3 4 0 4 4 4 3 0 0 4 4 2 3 2 3 0 0 0 0 4 2 1 4 4 3 1 4 2 1 1 4 0 0 4 4 4 1 1 0 3 4 4 3 0 0 0 0 3 4 4 3 1 0 4 3 3 2 0 4 0 0 1 0 4 0 1 3 1 0 0 1 0 1 0 4 2 4 0 0 4 0 3 3 2 0 0 1 
end solution 29
end try 29
begin try 30
best 25 time 0.451277
best 13 time 0.862086
best 8 time 1.266996
best 6 time 1.694825
best 4 time 2.103537
best 3 time 2.936476
best 1 time 4.519892
best 0 time 7.395764
begin solution 30
feasible: evaluation function = 0
1 22 18 15 14 10 24 24 2 9 42 10 9 43 37 6 39 3 0 2 18 15 40 20 41 36 11 19 37 40 9 25 19 41 41 42 14 40 39 7 36 2 4 18 14 16 13 1 38 27 36 10 5 22 25 38 22 19 37 7 13 18 43 21 38 42 23 9 25 3 1 21 13 12 22 20 9 16 34 43 13 3 12 36 12 6 4 16 0 7 38 11 12 40 39 41 11 24 16 43 
0 0 1 3 1 4 3 4 0 1 3 3 2 3 4 0 4 4 4 3 0 0 4 4 0 3 2 3 0 2 0 0 4 2 1 4 4 3 0 4 2 1 1 4 0 1 4 4 4 0 1 0 0 4 4 3 3 0 2 0 3 3 4 3 1 0 4 3 3 0 3 4 0 3 1 0 4 0 0 0 1 1 0 0 2 1 0 4 0 3 0 0 4 0 3 3 1 0 3 1 
end solution 30
end try 30
