begin try 1
best 35 time 0.417693
best 18 time 0.837069
best 15 time 1.777234
best 13 time 3.146890
best 11 time 3.581766
best 7 time 4.902875
best 6 time 6.273651
best 5 time 9.327863
best 4 time 10.539054
best 3 time 10.905152
best 2 time 13.424442
best 1 time 13.766967
best 0 time 14.376968
begin solution 1
feasible: evaluation function = 0
27 6 4 18 25 28 28 0 9 18 1 34 22 19 28 3 39 21 7 6 13 20 28 3 39 24 7 9 28 22 23 36 25 23 36 0 29 18 34 32 42 42 39 43 38 5 32 34 15 41 33 25 31 29 23 37 19 2 32 33 40 10 40 36 19 30 13 29 21 2 29 43 27 7 30 43 13 33 40 36 7 33 43 5 19 30 36 41 25 24 27 38 34 0 30 21 25 21 29 37 
3 2 2 0 4 2 0 0 0 3 0 0 0 1 1 0 3 1 0 1 1 0 3 1 2 3 3 2 4 2 0 4 0 2 3 3 0 2 2 1 0 1 1 3 2 0 3 3 0 2 3 3 2 2 3 0 3 2 0 0 2 0 1 1 0 3 2 1 0 0 3 2 0 2 2 1 0 2 0 2 1 1 0 2 2 4 0 0 1 2 1 0 4 2 0 3 2 2 4 1 
end solution 1
end try 1
begin try 2
best 36 time 0.420363
best 26 time 0.855396
best 25 time 1.775533
best 24 time 2.205360
best 17 time 2.717334
best 15 time 3.572222
best 14 time 4.874819
best 9 time 6.598098
best 6 time 9.166924
best 4 time 10.730316
best 2 time 11.097086
best 1 time 12.301783
begin solution 2
feasible: evaluation function = 1
18 18 39 27 9 9 16 13 40 39 43 18 41 12 25 39 28 13 10 38 11 10 33 15 13 43 21 42 11 25 32 11 23 33 37 23 13 28 19 36 15 32 24 36 38 20 27 24 30 21 38 25 11 10 24 42 37 29 27 12 12 21 33 18 23 41 43 27 9 22 41 36 25 34 16 14 36 37 16 18 14 29 16 14 37 31 30 21 22 30 15 24 19 40 19 10 23 41 25 6 
3 2 2 2 3 2 0 0 0 3 0 0 0 1 3 0 3 1 3 1 1 0 3 3 2 3 3 2 0 2 0 3 0 2 3 3 3 0 2 1 0 1 1 3 2 0 3 3 1 2 3 1 2 2 2 0 1 2 0 0 2 4 1 1 4 3 2 1 0 0 1 2 0 2 2 1 0 2 3 4 3 1 1 0 0 0 0 0 1 2 1 0 3 2 0 1 2 2 4 1 
end solution 2
end try 2
begin try 3
best 45 time 0.454886
best 23 time 0.889637
best 20 time 1.368837
best 17 time 1.812083
best 6 time 2.240986
best 5 time 2.758083
best 4 time 5.947468
best 1 time 6.369600
best 0 time 6.846552
begin solution 3
feasible: evaluation function = 0
41 25 34 40 18 37 43 23 38 22 42 34 32 33 27 33 43 7 0 9 11 25 30 28 32 34 18 7 31 22 28 36 21 42 23 0 36 21 39 10 39 28 36 1 27 31 24 25 25 23 3 6 24 21 5 20 27 4 36 32 36 21 32 31 29 20 19 19 27 18 18 30 24 1 43 24 19 40 5 42 26 43 25 22 27 28 41 22 31 38 34 37 40 6 2 28 29 18 33 41 
3 2 2 0 4 2 0 0 0 4 0 0 3 1 1 0 3 1 0 1 1 0 3 1 2 3 3 0 2 2 0 4 0 2 3 3 3 4 2 1 0 3 1 3 2 0 3 3 4 2 3 1 2 2 0 0 3 2 0 0 2 3 1 3 0 2 2 1 0 0 1 2 0 2 2 1 0 1 2 3 1 1 1 3 4 4 0 0 1 2 1 0 2 2 0 2 2 2 2 1 
end solution 3
end try 3
begin try 4
best 32 time 0.421532
best 27 time 1.300532
best 22 time 1.788809
best 21 time 3.107929
best 9 time 3.530615
best 5 time 5.714408
best 4 time 6.105893
best 3 time 6.959266
best 2 time 7.273084
best 1 time 7.555659
begin solution 4
feasible: evaluation function = 1
21 33 31 33 30 15 42 22 13 31 11 37 30 33 11 28 38 40 9 29 9 20 23 25 22 18 30 27 19 13 36 13 32 24 43 16 28 9 27 33 38 43 14 36 40 16 40 32 39 25 13 23 23 12 36 41 29 37 21 19 34 9 16 11 27 34 14 43 23 9 41 21 10 41 19 28 15 36 39 40 19 42 32 31 25 18 24 25 22 39 21 39 27 16 34 10 30 18 19 12 
3 2 2 0 4 2 0 0 0 0 0 0 0 1 1 0 3 1 2 3 1 0 3 1 2 3 3 2 4 2 0 4 0 2 3 3 2 3 0 3 0 0 1 3 2 0 3 3 1 2 3 1 2 2 2 0 1 2 0 0 2 4 1 3 4 3 2 1 0 0 1 2 0 2 2 1 0 1 3 0 1 1 1 3 3 0 0 0 1 2 1 0 3 2 0 1 2 2 3 1 
end solution 4
end try 4
begin try 5
best 38 time 0.421743
best 28 time 0.875768
best 22 time 1.738273
best 20 time 3.568659
best 19 time 3.993937
best 15 time 4.423675
best 12 time 4.871498
best 10 time 7.532084
best 8 time 8.403151
best 7 time 10.183031
best 6 time 10.592294
best 5 time 11.022699
best 4 time 18.171205
best 3 time 18.746943
best 2 time 20.459602
best 1 time 23.311184
begin solution 5
feasible: evaluation function = 1
29 2 36 18 24 37 3 20 21 6 23 25 21 41 23 36 2 37 2 2 12 7 39 25 3 0 22 41 43 42 37 37 22 0 18 6 21 3 6 1 6 22 18 7 39 43 41 44 24 19 20 38 34 23 17 4 3 43 19 24 1 36 23 36 40 25 7 29 18 39 24 24 42 4 30 19 5 36 19 0 32 19 31 40 27 22 1 40 43 40 37 38 25 38 0 20 22 18 0 16 
3 2 2 4 3 2 0 0 0 4 0 0 2 1 1 0 3 3 0 1 1 0 3 1 2 3 3 0 3 2 0 4 0 2 3 3 3 3 2 1 0 1 1 3 2 0 3 3 4 2 3 1 2 2 0 0 1 2 0 0 2 4 3 3 3 3 2 0 0 0 1 2 0 2 2 1 0 1 4 4 1 3 0 4 0 4 0 0 1 2 1 0 2 2 0 1 2 2 1 1 
end solution 5
end try 5
begin try 6
best 30 time 0.422383
best 29 time 0.847896
best 23 time 1.277957
best 21 time 3.041794
best 16 time 3.510138
best 11 time 3.946864
best 9 time 6.713546
best 8 time 10.390220
best 7 time 12.076781
best 6 time 19.204644
best 5 time 21.449318
best 3 time 26.218810
best 1 time 26.705806
begin solution 6
feasible: evaluation function = 1
1 19 31 10 36 30 41 33 3 6 32 42 28 7 10 28 30 20 21 31 43 43 0 18 4 13 22 38 13 39 29 27 4 29 29 21 34 16 40 40 34 28 23 18 33 19 14 27 14 1 25 37 2 18 24 25 36 13 7 30 24 36 13 4 40 5 37 43 3 21 42 6 1 12 0 7 39 2 28 33 22 14 29 19 15 27 31 38 4 40 31 0 9 23 5 9 5 34 43 30 
3 2 2 0 2 2 0 0 0 0 0 0 3 1 1 0 3 1 2 3 3 0 3 1 2 3 3 2 0 2 0 2 0 2 3 3 3 0 0 1 0 1 1 3 2 0 3 3 0 2 3 1 2 2 0 0 1 2 0 0 2 0 1 3 3 3 2 2 2 0 1 2 0 2 2 3 0 0 2 3 1 1 1 3 0 0 0 0 1 2 1 0 0 2 0 1 2 2 1 1 
end solution 6
end try 6
begin try 7
best 27 time 0.503591
best 23 time 0.935144
best 22 time 1.453579
best 19 time 2.416334
best 8 time 3.267834
best 6 time 4.126834
best 2 time 5.477533
best 1 time 6.611612
begin solution 7
feasible: evaluation function = 1
4 25 33 12 10 30 9 15 27 33 0 21 28 27 29 2 12 9 5 24 35 20 22 10 15 14 34 19 12 27 24 21 11 22 20 27 0 13 1 12 32 34 33 25 16 25 1 43 33 23 7 38 1 20 13 28 19 7 23 16 6 24 3 34 14 29 9 7 22 19 11 32 31 5 12 3 29 23 18 14 28 10 10 3 5 20 30 18 14 13 22 4 9 2 6 0 10 11 28 4 
3 2 2 0 4 2 0 0 0 0 0 0 3 1 1 0 3 1 0 1 1 0 3 1 2 3 3 2 4 2 0 2 0 2 3 3 2 0 0 1 0 0 1 3 2 0 3 3 3 2 3 1 2 2 3 0 1 2 0 0 2 2 1 1 0 2 2 0 0 0 1 2 0 2 2 3 0 1 2 2 1 3 0 0 3 4 0 0 1 2 1 0 3 2 0 1 2 2 2 1 
end solution 7
end try 7
begin try 8
best 30 time 0.473589
best 25 time 0.904111
best 21 time 1.375066
best 14 time 2.251454
best 12 time 3.589857
best 10 time 4.498186
best 6 time 4.932231
best 5 time 5.817465
best 4 time 6.588326
best 3 time 9.179900
best 2 time 10.162967
best 1 time 20.952495
begin solution 8
feasible: evaluation function = 1
33 2 10 23 0 18 16 2 11 19 25 21 0 33 10 12 18 2 24 20 0 29 24 3 1 34 20 9 18 28 27 2 14 11 7 1 18 9 25 7 1 19 14 3 24 5 6 11 7 12 22 27 23 7 0 19 29 22 6 33 9 1 14 10 27 24 0 1 34 31 22 4 15 32 27 19 4 9 21 10 39 16 2 13 6 3 3 13 24 13 34 20 32 5 7 21 15 29 23 44 
3 2 2 0 3 2 0 0 0 2 0 0 4 1 1 0 3 1 4 1 1 0 3 1 2 3 3 0 4 2 0 4 0 2 3 3 0 3 2 1 0 1 3 3 2 0 3 3 4 2 3 1 2 2 0 0 1 2 0 0 2 4 1 3 3 0 2 1 0 0 1 2 0 2 2 3 0 1 2 0 1 1 3 3 2 2 0 0 1 2 1 0 0 2 0 1 2 2 1 1 
end solution 8
end try 8
begin try 9
best 19 time 0.460323
best 18 time 1.331062
best 14 time 1.758148
best 13 time 2.214228
best 10 time 2.660139
best 7 time 3.093261
best 5 time 3.958540
best 4 time 4.868767
best 3 time 11.816813
best 2 time 13.152910
best 1 time 13.917538
begin solution 9
feasible: evaluation function = 1
36 9 40 41 37 1 43 15 16 28 7 31 32 14 13 41 38 34 6 11 25 40 0 27 43 5 33 38 9 0 30 27 9 31 14 12 36 7 28 43 2 27 1 9 28 33 1 35 13 11 30 25 30 34 5 4 12 37 42 13 32 13 9 41 29 10 39 28 27 38 43 27 10 15 29 38 37 3 31 33 6 40 6 34 14 32 36 11 4 12 42 34 32 16 14 13 10 3 6 26 
3 2 2 2 3 2 0 0 0 3 0 0 0 1 3 0 3 1 0 1 3 0 3 3 2 3 3 2 4 2 0 4 0 2 3 3 2 2 0 3 0 1 1 3 2 0 3 3 4 2 3 1 2 2 0 0 1 2 0 0 2 2 1 1 0 3 2 1 0 0 1 2 0 2 2 1 0 0 3 2 3 1 2 3 2 4 0 0 1 2 1 0 3 2 0 1 2 2 1 1 
end solution 9
end try 9
begin try 10
best 33 time 0.442956
best 25 time 0.881971
best 21 time 1.307837
best 11 time 1.735719
best 7 time 3.063217
best 6 time 3.940288
best 4 time 6.071564
best 3 time 7.292481
best 2 time 9.998153
begin solution 10
feasible: evaluation function = 2
13 7 2 0 3 30 12 32 6 5 27 38 29 30 40 2 27 29 33 4 18 9 28 37 3 14 37 5 27 6 15 32 3 13 39 43 29 1 1 11 28 32 34 42 42 41 41 2 41 33 36 8 11 37 32 0 31 41 1 31 32 36 27 36 5 0 28 7 13 36 43 36 4 38 27 29 39 34 37 28 30 5 31 6 34 31 34 33 0 29 40 5 6 43 40 6 4 12 11 15 
3 2 2 2 3 2 0 0 0 4 0 0 4 1 1 0 3 1 3 1 1 0 3 1 2 3 3 2 4 2 0 4 0 2 3 3 0 3 2 1 0 1 3 3 2 0 3 3 1 2 3 1 2 2 3 0 1 2 0 0 2 4 1 1 3 3 2 0 0 0 1 2 0 2 2 3 0 1 0 4 3 1 3 4 2 2 0 0 1 2 3 0 3 2 0 1 2 2 0 1 
end solution 10
end try 10
begin try 11
best 33 time 0.428507
best 23 time 0.869672
best 12 time 2.224759
best 9 time 3.103588
best 4 time 4.391683
best 3 time 5.656136
best 2 time 6.428674
best 1 time 8.391823
best 0 time 8.661265
begin solution 11
feasible: evaluation function = 0
10 32 11 5 22 9 27 37 6 33 33 16 39 31 15 19 0 9 30 30 24 42 2 28 42 42 24 21 13 18 41 29 38 33 12 28 0 7 1 27 28 36 18 15 40 21 33 27 4 30 16 44 23 31 14 31 32 28 1 34 16 14 13 5 34 29 43 14 39 24 10 0 13 10 12 16 9 19 10 36 23 0 13 25 18 37 36 3 12 36 43 15 16 34 18 14 41 27 11 40 
3 2 2 0 0 2 0 0 0 4 0 0 2 1 1 0 3 1 0 1 1 0 3 1 2 3 3 2 2 2 0 2 0 2 3 3 0 0 2 1 0 1 1 3 2 0 3 3 0 2 3 1 2 2 3 0 1 2 0 0 2 0 1 1 3 0 2 2 0 0 1 2 0 2 2 1 0 1 0 3 1 1 3 0 3 2 0 0 0 2 1 0 4 2 0 1 2 2 0 1 
end solution 11
end try 11
begin try 12
best 30 time 0.441373
best 23 time 1.311515
best 22 time 2.195253
best 17 time 3.084009
best 11 time 3.950023
best 10 time 5.705647
best 9 time 7.426143
best 8 time 7.819119
best 7 time 8.236677
best 6 time 8.667907
best 5 time 9.091349
best 4 time 9.519181
best 3 time 9.960665
best 2 time 15.384776
begin solution 12
feasible: evaluation function = 2
38 20 16 25 37 7 2 40 14 42 1 7 9 4 22 41 12 4 12 19 5 0 5 20 2 18 25 38 12 40 43 0 20 41 21 19 37 40 39 6 3 15 7 22 6 5 24 16 9 22 15 33 11 18 19 15 37 42 39 23 9 16 11 3 6 36 38 43 3 37 36 13 9 24 25 21 42 22 13 25 10 39 0 18 1 4 10 36 13 21 0 18 36 23 12 24 19 0 11 10 
3 2 2 0 3 2 0 0 0 3 0 0 3 1 1 0 3 3 4 1 1 0 3 1 2 3 3 0 2 2 0 4 0 2 3 3 2 3 2 1 0 1 1 3 2 0 3 3 1 2 3 1 2 2 0 0 1 2 0 0 2 0 1 1 0 3 2 1 2 0 1 2 0 2 2 1 0 0 0 4 1 1 3 4 2 0 0 0 1 2 1 0 2 2 0 0 2 2 0 3 
end solution 12
end try 12
begin try 13
best 36 time 0.438645
best 17 time 0.886078
best 12 time 2.176524
best 7 time 2.595972
best 6 time 3.483669
best 5 time 3.887921
best 4 time 6.352641
best 3 time 10.486378
best 2 time 11.595083
begin solution 13
feasible: evaluation function = 2
0 18 24 21 30 12 20 3 0 10 22 21 25 0 34 16 18 32 10 4 15 23 21 7 3 15 6 9 10 14 28 1 13 0 3 19 27 6 34 1 2 4 21 5 7 5 23 26 11 16 1 20 6 23 20 9 22 2 25 18 28 13 3 23 20 13 15 13 22 33 9 33 4 4 27 31 15 2 24 9 7 24 19 14 0 6 11 14 33 29 34 30 31 21 7 34 11 31 3 10 
3 2 2 4 2 2 0 0 0 0 0 0 2 1 1 0 3 1 2 3 1 0 3 1 2 3 3 2 3 2 0 0 0 2 3 3 0 0 0 1 0 1 1 3 2 0 3 3 1 2 3 1 2 2 3 0 1 2 0 0 2 2 1 1 2 3 2 1 2 0 1 2 0 2 2 1 0 1 0 3 3 1 0 3 4 4 0 0 1 2 3 0 0 2 0 2 2 2 4 1 
end solution 13
end try 13
begin try 14
best 24 time 0.425307
best 11 time 0.882233
best 6 time 1.323422
best 5 time 2.766544
best 4 time 3.193396
best 3 time 4.094302
best 2 time 7.896565
best 1 time 10.763277
begin solution 14
feasible: evaluation function = 1
25 23 19 1 11 15 41 4 10 7 22 30 0 5 21 19 39 0 3 41 8 38 41 28 42 23 20 10 9 20 43 18 13 39 12 37 9 41 11 39 7 36 30 24 27 34 7 32 16 36 13 44 12 28 37 9 5 3 12 1 1 43 38 43 5 0 37 12 3 27 36 9 16 29 0 27 40 10 21 6 3 38 14 39 10 32 14 28 1 5 31 33 22 25 36 3 14 4 16 31 
3 2 2 3 2 2 0 0 0 2 0 0 0 1 1 0 3 1 4 1 1 0 3 1 2 3 3 2 4 2 0 0 0 2 3 3 3 2 0 1 0 1 1 3 2 0 3 3 2 2 3 1 2 2 0 0 3 2 0 0 2 2 1 1 0 3 2 1 0 0 3 2 0 2 2 1 0 1 0 0 1 3 1 0 3 0 0 0 1 2 1 0 2 2 0 3 2 2 1 3 
end solution 14
end try 14
begin try 15
best 31 time 0.468026
best 21 time 0.911305
best 17 time 1.345408
best 16 time 2.695010
best 13 time 4.491514
best 10 time 6.735797
best 9 time 7.186876
best 8 time 8.033221
best 7 time 9.849620
best 4 time 11.620288
best 3 time 11.992617
best 2 time 13.288324
best 1 time 64.899445
begin solution 15
feasible: evaluation function = 1
37 7 4 24 36 13 33 0 16 3 10 15 19 20 24 42 3 12 15 37 39 27 43 30 1 12 22 18 4 6 40 14 41 25 24 19 30 13 31 34 3 5 18 23 40 21 41 15 36 37 0 40 16 20 35 1 21 36 9 4 9 0 10 5 39 36 10 31 43 23 13 2 6 0 38 28 2 24 12 1 11 38 20 3 6 39 5 37 1 34 25 7 18 21 25 25 5 43 38 39 
3 2 2 0 0 2 0 0 0 2 0 0 0 1 1 0 3 1 2 1 1 0 3 1 2 3 3 2 3 2 0 0 0 2 3 3 0 0 0 1 0 1 1 3 2 0 3 3 1 2 3 1 2 2 0 0 1 2 0 0 2 4 1 3 0 3 2 1 0 0 1 2 0 2 2 1 0 2 0 3 1 1 0 4 3 2 0 0 1 2 3 0 0 2 0 1 2 2 0 3 
end solution 15
end try 15
begin try 16
best 34 time 0.439807
best 28 time 0.902097
best 16 time 1.327395
best 10 time 2.691948
best 9 time 5.401651
best 8 time 5.869953
best 7 time 6.308159
best 6 time 6.729391
best 5 time 8.012803
best 4 time 8.890961
best 3 time 9.985385
best 2 time 12.996250
best 1 time 14.307034
begin solution 16
feasible: evaluation function = 1
40 40 22 40 20 34 34 40 33 12 43 22 27 19 38 18 18 27 33 6 9 37 24 29 20 22 37 33 1 38 42 34 21 42 41 31 19 0 18 5 29 0 32 39 5 11 7 28 18 32 30 15 36 37 24 32 20 1 27 39 24 43 19 23 30 15 28 29 43 16 22 29 41 6 41 33 28 27 36 30 4 7 19 28 37 3 25 31 30 30 36 36 19 27 38 25 21 4 18 28 
3 2 2 4 0 2 0 0 0 0 0 0 4 1 1 0 3 1 3 1 1 0 3 1 2 3 3 2 0 2 0 3 0 2 3 3 2 0 2 1 0 1 1 3 2 0 3 3 4 2 3 1 2 2 0 0 1 2 0 0 2 3 3 1 0 0 2 3 2 0 1 2 0 2 2 1 0 3 3 4 1 1 0 4 4 0 0 0 1 2 1 0 4 2 0 1 2 2 1 1 
end solution 16
end try 16
begin try 17
best 30 time 0.427916
best 20 time 0.890512
best 14 time 1.824769
best 13 time 2.695458
best 12 time 3.165621
best 7 time 3.615347
best 6 time 4.048044
best 3 time 4.482212
best 2 time 5.311973
best 1 time 6.055173
best 0 time 6.534541
begin solution 17
feasible: evaluation function = 0
38 1 30 19 12 36 39 38 1 10 43 36 0 25 36 30 40 33 38 12 24 27 33 22 7 43 28 0 37 10 32 24 28 41 27 34 37 42 5 42 33 30 19 25 27 24 39 13 40 4 31 18 42 34 21 18 3 21 4 31 23 43 37 36 9 14 31 10 41 20 0 38 37 43 40 19 5 31 21 0 0 30 29 42 9 28 34 2 20 29 37 23 13 39 40 41 32 24 21 18 
3 2 2 0 0 2 0 0 0 0 0 0 0 1 1 0 3 1 4 1 1 0 3 1 2 3 3 2 4 2 0 3 0 2 3 3 2 0 2 1 0 1 1 3 2 0 3 3 1 2 3 1 2 2 3 0 1 2 0 0 2 4 1 3 0 0 2 1 0 0 1 2 0 2 2 3 0 1 0 4 3 3 0 3 2 2 0 0 1 2 3 0 0 2 0 1 2 2 1 3 
end solution 17
end try 17
begin try 18
best 30 time 0.427392
best 25 time 0.876906
best 22 time 1.306753
best 18 time 2.178169
best 12 time 3.526516
best 10 time 4.830895
best 5 time 5.244311
best 4 time 6.087380
best 3 time 6.497953
best 2 time 6.853836
best 1 time 8.115357
begin solution 18
feasible: evaluation function = 1
42 11 19 37 3 7 15 10 3 4 43 42 36 9 13 21 41 12 9 0 38 12 18 21 1 9 2 0 43 40 22 36 23 9 36 12 0 0 2 5 1 7 7 14 21 24 39 31 6 18 4 10 5 13 30 0 1 41 39 16 6 37 43 2 25 2 24 11 9 18 4 4 6 42 16 24 36 15 40 20 37 18 22 13 13 25 25 19 21 25 14 7 19 10 41 40 22 38 1 37 
3 2 2 0 2 2 0 0 0 0 0 0 4 1 1 0 3 1 4 1 1 0 3 1 2 3 3 2 2 2 0 2 0 2 3 3 3 4 0 1 0 1 3 3 2 0 3 3 1 2 3 1 2 2 0 0 3 2 0 0 2 2 1 1 3 2 2 0 0 0 1 2 0 2 2 1 0 1 0 0 1 1 1 3 0 4 0 0 3 2 1 0 3 2 0 1 2 2 1 3 
end solution 18
end try 18
begin try 19
best 24 time 0.429192
best 18 time 1.295502
best 16 time 1.757260
best 13 time 2.193374
best 10 time 2.612723
best 7 time 3.037254
best 3 time 3.977071
best 2 time 4.380396
best 1 time 5.887739
best 0 time 6.226476
begin solution 19
feasible: evaluation function = 0
19 2 42 18 0 32 19 31 42 34 4 33 29 36 18 43 0 38 25 2 12 25 37 20 29 28 29 0 28 22 22 19 34 23 5 6 31 24 43 0 20 7 22 18 1 2 25 42 0 37 34 44 38 5 23 24 25 28 39 27 41 27 19 43 39 20 36 27 29 1 7 31 30 39 4 23 32 18 21 39 44 4 25 27 41 40 41 37 27 30 6 21 7 6 7 29 34 18 28 24 
3 2 2 4 2 2 0 0 0 4 0 0 4 1 1 0 3 1 4 1 1 0 3 1 2 3 3 0 0 2 0 2 0 2 3 3 3 2 2 1 0 1 1 3 2 0 3 3 4 2 3 1 2 2 0 0 1 2 0 0 2 4 1 1 3 2 2 2 0 0 3 2 0 2 2 1 0 0 2 4 3 1 2 3 3 0 0 0 1 2 1 0 2 2 0 1 2 2 1 1 
end solution 19
end try 19
begin try 20
best 25 time 0.434393
best 24 time 0.863207
best 19 time 1.285010
best 17 time 1.737506
best 14 time 2.170356
best 9 time 3.461408
best 7 time 5.186100
best 6 time 6.062633
best 4 time 6.976481
best 3 time 8.219422
best 2 time 9.008881
begin solution 20
feasible: evaluation function = 2
10 14 43 19 6 39 5 43 14 2 4 24 0 36 2 42 12 10 7 1 21 39 37 18 12 7 0 3 5 15 22 43 1 6 38 1 41 4 21 37 12 11 9 2 21 23 43 42 1 18 13 14 37 41 20 13 3 10 9 25 36 2 12 24 39 20 0 5 23 19 4 40 7 16 24 7 16 5 42 36 39 3 21 38 18 6 6 18 19 38 40 37 0 5 10 0 4 3 9 8 
3 2 2 2 4 2 0 0 0 2 0 0 0 1 1 0 3 1 2 1 3 0 3 1 2 3 3 0 4 2 0 4 0 2 3 3 0 3 0 1 0 0 1 3 2 0 3 3 2 2 3 1 2 2 2 0 1 2 0 0 2 0 1 1 3 0 2 1 2 0 1 2 0 2 2 1 0 3 2 0 1 3 1 0 3 3 0 0 1 2 1 0 4 2 0 1 2 2 2 1 
end solution 20
end try 20
begin try 21
best 29 time 0.441645
best 25 time 0.873628
best 14 time 1.749896
best 13 time 4.375144
best 11 time 5.230744
best 10 time 5.651811
best 9 time 7.317611
best 8 time 8.133619
best 3 time 8.589812
begin solution 21
feasible: evaluation function = 3
21 3 7 4 36 16 15 43 24 37 5 1 42 9 20 11 22 40 1 32 27 25 2 23 5 25 20 12 22 38 16 15 13 10 3 14 36 3 37 28 14 14 36 13 2 40 39 38 25 11 0 27 24 42 0 10 10 0 21 39 43 16 14 10 41 36 15 41 22 19 12 6 18 23 22 43 9 19 7 40 19 43 13 1 38 4 38 12 42 21 18 20 36 4 23 37 13 18 41 19 
3 2 2 0 3 2 0 0 0 2 0 0 0 1 1 0 3 1 2 1 3 0 3 1 2 3 3 2 4 2 0 3 0 2 3 3 2 0 0 1 0 2 1 3 2 0 3 3 1 2 3 1 2 2 0 0 1 2 0 0 2 3 1 3 0 0 2 1 0 0 1 2 0 2 2 1 0 2 0 2 1 3 1 3 4 3 0 0 1 2 1 0 4 2 0 1 2 2 2 3 
end solution 21
end try 21
begin try 22
best 33 time 0.449006
best 22 time 0.893518
best 16 time 1.342375
best 15 time 2.213044
best 11 time 3.550407
best 7 time 6.223999
best 4 time 6.654808
best 3 time 7.929869
best 2 time 10.109407
best 1 time 10.378487
begin solution 22
feasible: evaluation function = 1
33 25 37 33 39 19 15 11 3 9 28 12 4 7 15 36 38 42 10 30 25 34 31 38 31 22 34 0 27 15 38 19 37 41 12 21 28 15 40 14 9 36 29 13 9 43 37 2 41 30 29 14 20 34 7 29 31 13 42 32 23 43 40 0 21 29 6 39 12 13 36 43 39 10 32 9 6 36 31 16 18 10 11 23 34 15 2 5 28 40 37 0 28 21 41 14 42 11 27 2 
3 2 2 0 2 2 0 0 0 3 0 0 0 1 1 0 3 1 0 1 1 0 3 1 2 3 3 2 0 2 0 0 0 2 3 3 3 4 0 1 0 1 1 3 2 0 3 3 1 2 3 3 2 2 0 0 1 2 0 0 2 3 1 1 0 2 2 1 2 0 3 2 0 2 2 1 0 2 0 0 1 1 1 0 4 3 0 0 1 2 1 0 2 2 0 0 2 2 1 1 
end solution 22
end try 22
begin try 23
best 31 time 0.434619
best 26 time 0.857826
best 20 time 1.304341
best 19 time 2.611040
best 13 time 3.050714
best 6 time 4.408355
best 4 time 4.829108
best 3 time 7.282041
best 2 time 7.673104
best 1 time 10.655184
best 0 time 16.752776
begin solution 23
feasible: evaluation function = 0
25 42 1 2 43 0 25 31 0 27 24 42 31 7 29 19 1 32 3 3 40 34 22 18 5 43 18 37 31 31 1 0 41 4 23 4 19 30 23 1 5 30 21 20 28 28 7 27 27 38 21 0 3 21 43 6 36 6 36 30 34 6 6 41 41 22 43 0 20 23 40 32 3 27 22 19 39 20 18 36 14 30 39 25 20 33 4 37 34 7 33 29 39 2 7 33 41 33 36 19 
3 2 2 0 4 2 0 0 0 0 0 0 4 1 1 0 3 1 3 1 3 0 3 1 2 3 3 2 3 2 0 4 0 2 3 3 2 2 2 1 0 1 1 3 2 0 3 3 1 2 3 3 2 2 0 0 3 2 0 0 2 3 1 1 3 0 2 1 0 0 1 2 0 2 2 1 0 1 0 2 1 3 1 2 2 0 0 0 1 2 3 0 2 2 0 1 2 2 1 3 
end solution 23
end try 23
begin try 24
best 22 time 0.435022
best 18 time 1.342434
best 17 time 1.776157
best 14 time 5.336291
best 13 time 5.778009
best 7 time 6.210437
best 5 time 6.637827
best 4 time 8.702672
best 3 time 10.389314
best 2 time 14.091628
best 1 time 15.555788
begin solution 24
feasible: evaluation function = 1
11 31 38 27 2 33 7 28 31 33 36 12 31 6 34 40 28 15 42 13 26 34 39 42 7 27 14 10 15 14 41 34 3 40 33 32 39 3 42 12 39 33 32 30 4 0 13 17 30 2 29 7 1 32 32 43 7 29 27 30 10 14 28 30 5 1 34 31 5 6 12 36 11 0 30 0 16 9 40 31 15 2 3 41 5 2 33 1 10 43 27 37 37 27 13 5 3 6 0 22 
3 2 2 4 3 2 0 0 0 4 0 0 4 1 1 0 3 1 2 1 1 0 3 1 2 3 3 0 0 2 0 3 0 2 3 3 2 3 0 3 0 1 1 3 2 0 3 3 4 2 3 3 2 2 0 0 1 2 0 0 2 0 1 1 2 3 2 1 0 0 1 2 0 2 2 3 0 0 3 3 3 1 1 2 3 0 0 0 1 2 1 0 2 2 0 1 2 2 1 1 
end solution 24
end try 24
begin try 25
best 37 time 0.448947
best 18 time 0.913992
best 11 time 1.377888
best 10 time 2.655849
best 7 time 4.457129
best 5 time 4.897745
best 4 time 7.357756
best 3 time 9.051855
best 2 time 11.168894
best 1 time 12.954307
begin solution 25
feasible: evaluation function = 1
36 34 2 22 25 24 40 25 27 43 20 37 6 24 2 41 30 39 23 20 18 38 25 24 36 4 5 27 30 43 7 3 28 41 40 7 34 0 37 0 18 28 21 37 6 19 39 18 7 31 0 19 38 23 42 0 20 25 4 3 7 31 36 28 22 1 3 24 5 5 41 4 36 19 30 7 43 38 6 27 15 4 21 22 1 33 1 31 30 0 22 33 40 40 39 1 29 28 34 38 
3 2 2 0 4 2 0 0 0 3 0 0 0 1 1 0 3 1 0 1 1 0 3 3 2 3 3 2 0 2 0 3 0 2 3 3 0 4 2 1 0 1 1 3 2 0 3 3 4 2 3 1 2 2 0 0 3 2 0 0 2 3 1 3 2 3 2 0 2 0 1 2 0 2 2 1 0 1 3 3 1 1 0 3 2 2 0 0 1 2 1 0 4 2 0 1 2 2 1 3 
end solution 25
end try 25
begin try 26
best 31 time 0.442908
best 26 time 0.874008
best 22 time 1.349651
best 20 time 1.787512
best 11 time 3.217428
best 10 time 4.140737
best 9 time 4.556745
best 7 time 4.989611
best 5 time 5.423121
best 3 time 6.668317
best 2 time 9.046223
best 1 time 11.261396
begin solution 26
feasible: evaluation function = 1
18 23 21 41 4 25 23 5 20 25 3 25 24 2 36 28 21 34 7 9 27 6 27 36 40 33 19 0 32 27 18 18 21 43 25 34 5 23 1 12 1 43 19 0 37 42 37 3 39 32 5 25 34 36 24 22 42 29 24 0 6 28 22 29 19 1 30 21 19 38 23 39 32 38 19 42 31 5 20 33 6 22 31 29 27 36 34 27 28 22 1 36 7 24 2 37 3 42 22 26 
3 2 2 0 0 2 0 0 0 4 0 0 4 1 1 0 3 1 0 1 1 0 3 3 2 3 3 2 3 2 0 2 0 2 3 3 2 3 2 1 0 0 1 3 2 0 3 3 0 2 3 1 2 2 3 0 1 2 0 0 2 2 3 1 4 3 2 1 0 0 1 2 0 2 2 3 0 1 2 0 1 1 1 0 4 4 0 0 1 2 1 0 2 2 0 0 2 2 4 1 
end solution 26
end try 26
begin try 27
best 39 time 0.434787
best 29 time 0.878105
best 17 time 1.330891
best 16 time 2.656477
best 14 time 4.096172
best 12 time 4.536094
best 11 time 5.494093
best 7 time 7.280373
best 6 time 8.169520
best 5 time 9.080671
best 4 time 9.506199
best 3 time 10.662050
best 2 time 14.553857
best 1 time 15.296273
begin solution 27
feasible: evaluation function = 1
3 27 7 4 10 16 19 22 34 12 1 23 12 4 4 7 9 16 0 16 19 25 15 3 28 28 30 0 33 32 9 28 32 5 27 5 12 33 28 9 15 18 11 29 19 0 21 13 10 15 34 42 6 4 8 13 18 2 29 18 12 13 11 23 30 13 14 30 21 2 33 20 10 1 34 27 14 12 7 10 35 10 28 0 18 22 31 16 29 23 5 24 27 33 4 9 31 18 11 35 
3 2 2 4 3 2 0 0 0 4 0 0 0 1 3 0 3 1 4 3 1 0 3 1 2 3 3 2 3 2 0 4 0 2 3 3 3 0 0 1 0 3 3 3 2 0 3 3 4 2 3 1 2 2 0 0 1 2 0 0 2 4 1 1 0 2 2 1 0 0 1 2 0 2 2 1 0 1 3 2 1 1 1 3 4 2 0 0 1 2 1 0 0 2 0 2 2 2 0 3 
end solution 27
end try 27
begin try 28
best 37 time 0.429444
best 15 time 0.856672
best 14 time 1.309261
best 11 time 1.741880
best 9 time 3.516850
best 7 time 4.014411
best 3 time 6.234032
best 2 time 8.429061
best 1 time 18.525942
begin solution 28
feasible: evaluation function = 1
5 16 14 19 3 15 42 43 14 7 36 21 0 19 40 7 1 13 4 6 34 38 10 11 25 19 40 6 7 43 37 7 24 18 16 41 14 0 25 1 13 9 21 6 19 23 18 23 9 40 43 2 1 38 9 10 18 10 3 15 0 10 20 4 37 4 11 14 11 20 4 13 0 4 37 39 12 37 39 36 8 0 40 16 5 18 16 6 39 9 11 1 38 3 2 36 22 36 19 44 
3 2 2 0 3 2 0 0 0 3 0 0 4 1 1 0 3 1 4 1 1 0 3 3 2 3 3 2 2 2 0 4 0 2 3 3 3 3 0 1 0 1 1 3 2 0 3 3 0 2 3 1 2 2 3 0 1 2 0 0 2 4 1 3 3 0 2 1 0 0 1 2 0 2 2 1 0 1 0 3 1 1 0 4 0 0 0 0 2 2 1 0 3 2 0 1 2 2 4 1 
end solution 28
end try 28
begin try 29
best 29 time 0.434476
best 27 time 0.958668
best 23 time 1.399567
best 19 time 1.830668
best 11 time 4.127071
best 4 time 4.556027
best 3 time 5.453911
best 2 time 5.942431
best 1 time 6.674034
begin solution 29
feasible: evaluation function = 1
25 9 14 24 19 18 18 28 10 11 20 25 9 38 31 15 19 4 32 29 17 39 27 31 12 12 21 10 20 5 19 23 21 36 16 29 37 18 34 24 29 9 19 34 22 24 28 0 28 29 23 3 13 31 6 9 20 42 30 22 28 27 21 24 0 9 16 11 36 34 25 15 12 43 20 30 16 27 25 28 22 23 3 10 16 18 32 27 34 37 27 31 33 30 33 32 21 24 21 40 
3 2 2 4 2 2 0 0 0 0 0 0 4 1 1 0 3 1 2 1 1 0 3 3 2 3 3 2 3 2 0 0 0 2 3 3 0 3 2 3 0 1 1 3 2 0 3 3 1 2 3 1 2 2 0 0 1 2 0 0 2 4 1 1 0 3 2 1 0 0 1 2 0 2 2 1 0 2 2 4 1 1 0 3 4 4 0 0 1 2 1 0 2 2 0 1 2 2 4 1 
end solution 29
end try 29
begin try 30
best 28 time 0.426688
best 21 time 0.928507
best 17 time 2.228912
best 11 time 2.673154
best 10 time 7.253864
best 8 time 10.974498
best 7 time 11.411492
best 5 time 11.787381
best 4 time 12.999798
best 3 time 16.563453
best 2 time 19.733952
best 1 time 21.278187
begin solution 30
feasible: evaluation function = 1
6 24 19 37 24 25 4 0 39 3 36 21 9 13 7 20 25 21 41 15 2 10 5 6 29 2 39 37 33 27 14 23 3 15 3 18 13 12 6 1 5 19 24 7 37 18 20 10 34 7 4 36 41 1 18 38 14 40 40 19 39 5 23 18 33 25 6 12 21 23 20 0 1 42 43 0 2 43 0 9 21 19 0 22 6 22 43 7 9 9 3 16 36 20 42 36 22 11 36 15 
3 2 2 3 0 2 0 0 0 2 0 0 0 1 1 0 3 1 0 1 1 0 3 1 2 3 3 0 0 2 0 2 0 2 3 3 0 0 0 1 0 1 1 3 2 0 3 3 0 2 3 1 2 2 2 0 1 2 0 0 2 2 1 1 2 0 2 1 2 0 1 2 0 2 2 1 0 1 4 3 3 3 3 3 4 0 0 0 1 2 1 0 2 2 0 3 2 2 4 3 
end solution 30
end try 30
