begin try 1
best 518 time 7.484375
best 351 time 29.343750
best 310 time 48.546875
best 261 time 70.750000
best 226 time 87.078125
best 202 time 127.484375
best 199 time 149.921875
best 196 time 190.203125
best 193 time 200.062500
best 190 time 209.875000
best 188 time 219.984375
best 185 time 224.828125
best 183 time 239.796875
best 181 time 249.984375
best 180 time 260.187500
best 179 time 296.125000
best 178 time 316.531250
begin solution 1
feasible: evaluation function = 178
20 24 34 39 21 2 30 2 9 20 27 15 15 12 32 32 39 29 25 19 38 22 31 2 27 0 28 25 43 33 39 0 12 5 10 21 1 31 36 33 3 16 22 36 20 14 10 29 27 10 21 31 30 7 5 24 38 15 1 5 16 22 21 28 43 25 43 43 3 24 14 41 13 39 2 34 27 22 19 28 33 32 17 37 9 21 16 33 7 11 3 3 29 27 41 38 26 7 20 3 19 29 0 22 38 7 24 18 9 33 12 9 37 34 20 14 36 11 6 31 43 1 14 10 32 34 13 5 18 37 29 36 4 9 28 34 15 32 12 41 4 23 17 19 5 4 20 34 2 6 18 16 18 27 21 12 36 13 39 14 16 16 14 41 14 5 31 39 25 38 4 42 11 36 20 38 22 21 3 40 23 13 1 33 4 41 9 22 43 34 5 27 39 22 29 8 15 0 42 37 43 37 32 36 13 21 41 27 44 16 33 20 41 33 2 4 11 40 7 28 25 33 27 13 41 19 16 42 38 40 23 24 28 38 19 31 2 8 26 34 37 10 28 8 0 12 33 37 25 13 20 18 40 42 27 28 3 12 7 18 15 3 18 36 12 14 23 6 44 23 19 5 1 31 41 21 30 23 8 31 26 9 11 13 0 17 23 1 37 12 11 38 36 0 32 0 40 31 19 13 30 42 6 5 30 32 23 4 0 10 32 30 1 14 28 25 1 21 7 24 39 43 11 10 4 40 2 42 1 3 25 6 22 10 20 42 12 30 31 35 29 11 23 37 39 6 25 7 2 26 35 24 40 18 18 42 10 36 9 9 43 15 6 1 23 5 18 41 29 14 42 19 16 9 29 43 7 24 15 3 42 25 37 34 40 30 2 30 6 34 24 15 15 39 10 16 7 38 28 8 
1 3 9 6 3 1 5 3 6 3 3 2 6 1 3 4 4 5 1 5 6 0 9 2 8 4 0 2 1 4 9 1 0 9 3 9 6 7 4 6 5 4 5 7 0 4 9 3 5 8 7 0 7 8 6 1 0 8 3 5 8 8 0 5 4 7 2 3 7 5 9 2 9 3 9 0 1 4 2 1 1 7 9 7 0 4 5 0 5 8 9 3 8 4 9 5 2 1 6 6 0 0 5 9 8 9 8 5 9 5 5 2 4 4 4 6 3 1 3 2 5 2 8 6 0 3 2 2 0 1 4 5 2 3 7 2 5 9 9 0 7 2 3 3 3 1 2 7 8 5 3 0 1 7 5 3 6 5 5 2 3 6 7 4 1 4 5 8 9 3 5 5 9 9 8 2 1 8 8 8 3 3 4 8 0 7 5 3 0 6 1 0 2 6 6 0 4 8 2 0 6 2 5 2 0 6 3 6 4 9 3 9 6 2 6 9 4 3 6 8 6 7 9 4 1 9 7 7 7 9 0 7 4 1 4 3 4 5 5 1 6 2 6 9 0 6 9 9 5 1 7 6 0 3 2 9 4 2 0 4 1 0 2 8 4 0 9 1 0 5 8 8 0 4 8 1 3 8 7 6 7 8 5 8 7 5 4 8 5 7 3 4 0 9 1 3 5 1 1 7 0 6 8 0 2 2 6 8 2 7 8 4 1 3 3 8 5 2 2 4 1 9 7 4 4 7 0 4 9 1 3 0 7 1 5 1 8 6 8 5 9 0 1 3 7 7 4 7 5 0 0 6 2 7 9 0 5 1 1 7 7 7 9 7 7 7 8 5 1 5 9 7 2 4 7 8 3 0 3 2 8 0 8 5 4 9 7 8 4 8 9 9 0 0 0 1 4 9 2 2 
end solution 1
end try 1
begin try 2
best 521 time 9.171875
best 392 time 30.937500
best 337 time 51.734375
best 313 time 72.375000
best 292 time 84.625000
best 285 time 107.187500
best 269 time 120.937500
best 246 time 143.437500
best 244 time 187.671875
best 233 time 207.500000
best 225 time 217.656250
best 223 time 222.796875
best 217 time 227.906250
best 215 time 232.984375
best 212 time 243.250000
best 207 time 248.343750
best 204 time 253.453125
best 201 time 258.578125
best 199 time 263.671875
best 197 time 268.812500
best 194 time 273.953125
best 192 time 284.156250
best 191 time 289.281250
best 190 time 294.437500
best 187 time 299.593750
best 186 time 304.750000
best 185 time 309.921875
best 184 time 315.078125
best 181 time 320.250000
best 179 time 325.421875
best 178 time 372.093750
begin solution 2
feasible: evaluation function = 178
42 29 42 31 7 34 10 34 3 18 14 2 43 36 16 16 25 5 42 3 42 29 14 7 11 41 29 44 2 14 4 9 10 42 36 3 4 25 22 37 27 33 30 30 15 38 28 25 11 41 16 40 21 16 23 3 41 27 40 33 6 6 38 24 32 10 40 37 34 1 20 30 25 34 22 4 32 41 9 6 43 0 7 18 15 3 12 5 13 7 32 19 21 18 2 6 13 20 41 18 16 13 9 31 41 4 42 23 5 19 23 15 5 15 20 24 20 0 39 28 10 39 34 0 33 40 37 3 9 31 7 26 27 19 13 9 28 37 15 1 37 38 28 38 24 18 20 3 21 24 37 39 17 36 20 31 30 8 27 1 11 1 24 36 38 36 18 8 42 33 36 4 8 11 31 43 1 0 13 26 41 43 36 1 43 27 38 19 2 38 12 1 10 7 36 28 29 40 6 6 27 34 1 39 32 20 19 2 19 2 22 35 5 12 10 12 5 5 14 15 33 31 39 4 24 9 39 14 25 0 7 1 44 9 21 6 30 44 21 23 15 41 33 43 11 6 37 40 33 39 35 11 12 0 20 14 43 25 25 27 37 2 22 13 28 3 7 13 0 18 16 30 34 23 10 0 39 21 35 9 37 24 6 27 7 17 9 25 28 19 13 14 25 22 14 12 31 29 40 43 34 13 22 21 0 31 12 43 6 29 19 11 28 27 32 7 14 24 16 10 34 30 28 30 2 4 16 20 19 11 29 36 38 10 43 4 9 1 18 29 13 14 41 15 31 20 42 32 41 30 11 38 29 16 40 32 5 4 12 23 15 3 21 12 29 40 32 31 33 2 37 28 18 22 33 18 22 24 5 21 0 15 16 38 40 42 32 11 24 10 34 3 22 23 36 23 12 21 19 23 
7 6 0 6 3 4 5 3 6 3 3 2 3 1 3 4 4 7 1 5 6 0 9 2 8 4 9 0 1 2 9 8 2 3 3 3 6 1 4 6 9 4 5 1 0 4 3 3 5 8 8 0 7 6 3 8 0 2 6 5 7 8 0 5 2 8 2 4 7 5 9 2 5 6 5 0 1 7 3 1 7 7 5 9 4 4 5 2 5 1 5 0 1 4 3 9 2 8 6 6 0 0 5 0 9 3 8 9 3 5 5 2 4 1 4 7 3 1 4 2 9 0 8 6 0 3 2 2 0 1 4 5 0 8 8 2 7 0 5 0 8 2 6 3 3 1 0 1 6 9 3 5 1 8 5 3 6 5 5 2 3 6 6 2 1 9 5 7 5 3 7 5 0 0 4 2 1 8 7 7 3 6 4 8 0 7 5 6 0 8 7 9 3 6 6 0 4 8 2 0 3 2 4 2 0 6 3 6 4 5 6 5 6 2 6 9 1 9 1 8 6 7 9 4 1 9 7 6 7 9 0 7 4 1 4 3 7 5 5 1 6 2 8 9 2 6 5 5 9 1 7 6 0 3 2 5 4 2 9 4 1 9 2 9 1 0 9 1 0 0 5 3 0 4 7 4 3 8 0 6 7 8 5 1 8 5 4 8 5 7 6 4 0 9 7 3 5 1 1 1 9 3 7 9 2 2 6 8 4 8 1 4 8 6 3 7 8 2 2 4 1 9 4 4 4 8 9 1 9 1 3 5 7 1 5 7 7 3 7 5 4 0 1 3 8 7 4 4 5 0 9 6 2 7 9 9 5 1 1 7 7 7 3 8 7 7 7 9 1 7 9 9 2 1 7 8 3 0 0 0 5 9 1 9 4 9 8 7 4 0 5 9 0 0 0 8 4 2 2 2 
end solution 2
end try 2
begin try 3
best 1000766 time 7.171875
best 494 time 12.687500
best 397 time 22.125000
best 347 time 34.250000
best 314 time 46.531250
best 290 time 65.906250
best 281 time 78.281250
best 271 time 98.828125
best 261 time 132.343750
best 259 time 142.093750
best 249 time 152.343750
best 231 time 157.484375
best 227 time 172.656250
best 226 time 182.968750
best 223 time 188.078125
best 222 time 193.203125
best 218 time 198.328125
best 212 time 203.421875
best 207 time 208.625000
best 204 time 218.984375
best 195 time 228.984375
best 191 time 234.187500
best 188 time 239.328125
best 183 time 244.484375
best 179 time 249.656250
best 177 time 254.812500
best 176 time 270.437500
best 175 time 280.843750
best 174 time 286.078125
best 172 time 291.281250
best 169 time 296.453125
begin solution 3
feasible: evaluation function = 169
15 41 20 22 34 29 42 23 0 6 31 31 25 16 19 9 23 27 34 24 21 0 10 30 40 12 34 33 9 36 23 12 39 38 24 0 13 25 29 27 12 6 25 39 10 20 10 2 36 43 38 15 13 1 43 4 37 15 10 40 8 13 5 6 21 27 34 25 42 35 29 27 26 5 2 12 37 19 16 14 27 20 38 7 37 28 10 41 17 28 36 30 24 21 18 15 28 40 12 25 30 4 39 18 11 13 16 30 25 11 43 32 14 42 7 31 19 15 9 9 28 38 37 11 16 20 6 1 32 3 18 0 19 32 22 11 18 21 5 30 9 25 27 41 32 11 36 3 1 22 42 38 39 42 28 33 28 13 27 30 18 15 29 1 20 3 41 10 3 37 18 26 32 20 21 0 20 30 6 11 43 24 15 25 0 0 37 7 42 15 3 33 11 9 7 23 33 44 41 14 4 7 42 18 7 31 28 23 38 41 24 31 36 43 34 40 17 39 31 1 22 12 33 13 23 36 8 36 24 15 2 22 34 10 0 32 12 16 42 4 7 9 39 5 20 43 11 31 13 32 28 40 7 33 14 24 31 2 40 33 24 25 37 34 40 9 29 28 44 22 36 14 1 33 43 18 29 4 5 38 14 4 19 14 39 35 11 29 1 4 3 32 6 18 16 3 25 2 10 22 28 20 29 43 40 13 5 41 16 21 5 30 13 16 37 31 9 5 29 22 12 14 32 20 19 6 4 41 3 36 33 39 5 33 32 1 0 30 34 34 9 7 43 2 12 11 24 23 5 13 27 40 12 4 3 19 21 38 0 21 23 37 27 38 2 40 30 23 6 39 34 16 42 37 27 10 19 21 7 4 15 31 36 22 29 6 38 2 19 39 1 21 14 2 16 19 18 23 43 10 
7 6 0 6 3 1 5 3 6 3 3 2 8 1 6 5 4 7 1 5 6 9 9 1 8 4 0 2 1 4 9 3 2 3 3 3 6 1 4 1 9 4 9 1 0 4 3 4 5 8 4 0 8 6 6 4 9 2 6 5 7 7 4 5 2 9 2 4 7 9 0 2 9 3 5 0 1 1 3 8 4 8 9 8 0 4 5 0 5 1 9 3 8 4 3 9 2 1 6 6 9 9 9 9 0 3 4 5 3 5 5 2 4 1 4 7 8 1 3 2 9 2 8 6 9 3 2 2 9 1 4 5 2 8 7 2 8 0 9 0 7 2 6 3 3 1 2 7 3 5 3 0 4 8 5 8 6 5 5 2 6 3 6 4 1 4 5 7 5 3 7 5 0 9 1 2 7 8 8 7 3 6 4 7 0 8 5 7 0 6 8 0 3 6 6 0 7 5 2 9 6 2 4 2 5 6 3 6 5 9 0 5 3 9 6 9 1 3 1 7 3 7 9 4 7 0 5 6 7 5 0 8 4 1 4 6 8 5 9 1 1 9 6 0 2 4 9 9 9 1 7 3 9 6 2 9 4 2 0 4 1 0 2 8 4 0 9 8 0 0 8 3 0 5 7 1 3 3 8 6 7 7 5 1 7 5 4 7 5 5 6 4 0 5 7 3 5 1 4 1 0 6 8 0 2 2 6 7 2 7 1 4 1 6 6 8 8 2 2 4 1 5 7 5 9 7 0 1 0 7 3 0 7 1 5 1 7 6 7 5 4 0 1 3 5 8 4 1 5 0 0 6 2 8 9 0 5 1 1 8 8 7 3 8 8 7 7 5 1 5 9 8 2 4 8 8 3 3 3 2 8 0 1 9 5 9 7 7 4 8 9 9 0 9 0 7 0 2 2 2 
end solution 3
end try 3
begin try 4
best 1000738 time 6.234375
best 450 time 24.953125
best 350 time 48.468750
best 328 time 64.828125
best 290 time 80.015625
best 278 time 118.843750
best 253 time 157.812500
best 249 time 215.281250
best 243 time 220.062500
best 235 time 235.250000
best 234 time 240.343750
best 233 time 245.437500
best 230 time 255.687500
best 227 time 260.781250
best 223 time 265.843750
best 220 time 270.921875
best 217 time 276.046875
best 211 time 286.265625
best 210 time 296.453125
best 209 time 301.562500
best 208 time 306.640625
best 207 time 419.171875
best 205 time 424.343750
best 204 time 429.468750
best 203 time 434.578125
best 199 time 439.671875
best 198 time 444.765625
best 197 time 455.109375
begin solution 4
feasible: evaluation function = 197
5 10 25 12 29 34 30 12 19 40 18 29 19 39 4 9 14 33 2 41 36 8 21 27 40 9 40 3 43 40 27 31 39 32 30 19 0 26 20 33 25 4 11 30 33 5 10 16 2 16 4 44 12 9 30 16 22 22 37 1 39 7 15 43 37 3 40 23 2 28 14 43 1 38 9 36 14 33 7 6 15 22 34 31 2 10 14 33 4 16 5 15 24 11 27 29 24 32 19 22 41 11 36 26 19 7 28 43 34 40 39 2 44 24 6 7 4 0 18 21 6 28 31 39 14 20 22 0 20 18 41 22 1 3 23 34 41 34 27 2 43 18 28 29 21 30 5 40 2 31 14 21 36 38 38 32 41 29 7 36 9 6 20 9 27 7 11 37 28 15 1 33 15 43 21 15 11 37 35 12 17 13 13 18 2 34 3 15 30 23 10 25 6 15 21 32 5 24 19 24 1 12 21 41 4 38 3 11 33 32 31 0 15 32 28 14 32 38 25 27 2 42 3 3 23 16 21 34 13 42 36 28 12 20 25 43 10 12 38 37 16 7 19 12 38 18 40 13 12 13 6 29 18 25 13 18 1 37 42 32 6 29 27 28 38 31 41 4 8 10 31 0 6 42 20 28 37 42 44 43 44 36 16 5 24 35 36 43 13 39 11 23 13 19 29 31 19 2 30 1 0 25 20 30 42 11 32 14 16 23 9 43 0 42 9 40 25 10 31 10 12 3 0 39 39 9 24 5 5 6 33 34 7 42 20 7 0 33 36 23 34 37 29 25 21 18 27 21 42 1 27 24 30 27 15 7 0 44 3 42 11 30 13 29 9 24 37 34 1 3 23 22 38 22 31 10 38 36 24 6 28 22 11 18 16 32 14 41 8 23 10 33 4 20 37 4 4 39 20 25 
7 6 9 6 8 1 5 3 6 3 3 2 3 1 3 5 4 7 1 5 6 0 9 6 8 4 0 2 1 4 9 4 0 3 3 0 6 1 4 6 5 4 9 7 0 4 3 3 5 8 1 0 8 6 6 1 0 4 6 5 7 7 4 5 4 8 2 3 7 5 2 2 9 8 9 9 1 1 0 5 1 8 5 8 4 5 5 2 5 9 0 0 1 4 3 9 2 7 7 3 0 0 5 0 8 3 4 9 3 5 5 2 4 4 4 6 6 1 4 2 9 2 1 3 0 3 2 2 0 1 4 5 2 6 7 2 8 8 5 9 7 2 3 3 3 1 2 1 6 9 3 0 1 7 5 8 3 5 5 2 3 6 6 2 1 4 5 7 9 3 7 5 9 0 8 2 8 8 7 7 3 6 4 8 0 7 5 7 0 6 1 0 3 8 6 0 5 5 2 9 3 2 4 2 9 6 3 6 4 5 6 9 6 2 6 9 1 4 1 8 3 8 0 4 1 0 7 6 7 9 0 7 4 1 4 6 8 5 9 1 6 2 1 0 0 6 9 9 9 1 7 6 0 7 2 5 4 2 0 4 1 0 2 0 1 0 9 8 5 0 7 3 0 4 8 1 3 3 5 3 7 7 5 1 7 5 4 8 5 8 3 4 0 9 4 3 5 8 4 8 0 6 7 9 2 2 6 7 2 8 1 4 8 6 0 7 8 2 2 4 1 9 4 4 9 7 0 8 9 8 3 0 8 1 5 1 7 8 8 5 4 0 1 3 5 7 4 1 5 0 0 6 2 7 5 9 5 1 1 7 7 8 3 7 8 8 5 9 1 7 9 7 2 1 5 7 3 3 3 2 8 9 1 9 4 9 8 7 4 0 9 9 0 9 9 7 2 2 2 2 
end solution 4
end try 4
